1000 2000
269 338
888 480
1000
53 1737 2 5
653 1456 2 1
698 1208 2 3
903 730 3 2
25 1696 1 2
463 1195 4 2
790 1324 5 1
831 1570 2 5
653 1330 5 2
393 185 2 1
697 1255 4 4
993 224 5 1
960 1835 2 3
515 53 4 2
689 1298 2 3
434 1332 3 1
331 527 2 4
356 1563 5 1
409 845 4 3
534 1024 3 3
430 1371 5 5
712 1342 2 3
320 1236 5 4
284 661 5 4
594 477 2 5
20 317 1 3
581 1317 5 1
170 506 4 4
939 1060 3 4
201 1598 1 3
417 1955 2 4
308 240 2 5
358 1322 5 2
819 1716 5 3
516 1284 3 4
895 255 2 5
657 1671 3 5
635 1080 2 1
518 1316 4 5
778 149 4 1
735 1166 3 3
441 652 5 5
968 946 4 5
601 1868 4 2
769 367 1 3
724 999 3 2
157 425 1 5
287 1598 1 1
382 1179 3 5
916 1069 4 5
8 852 4 4
360 891 5 1
629 1974 3 2
486 1984 3 4
205 1332 3 3
465 1308 3 5
244 188 4 1
628 902 1 4
877 1584 2 2
237 229 2 5
101 1804 2 3
894 1635 2 1
483 1629 3 5
468 216 4 4
202 932 5 5
917 1836 3 4
710 1428 1 5
829 799 5 5
302 74 3 1
855 1506 2 2
567 1780 2 1
998 167 1 3
541 1001 2 2
215 589 2 1
694 32 5 5
53 990 1 5
248 982 2 5
381 1071 5 2
619 1205 3 1
226 1227 4 4
114 1799 1 2
194 440 2 5
236 699 5 2
845 158 1 1
570 893 5 5
982 1526 2 4
365 1826 4 3
527 818 2 4
309 759 5 3
599 692 2 5
695 556 1 3
357 651 4 5
772 1088 5 4
307 424 2 4
125 257 2 4
537 1250 2 5
4 531 2 4
611 1485 3 2
20 1136 5 2
894 966 2 4
27 373 3 2
398 1557 1 3
907 548 1 3
899 941 2 5
736 1284 3 2
385 1900 4 3
518 1009 4 3
987 181 1 1
277 1003 2 4
280 717 2 1
632 754 4 3
847 1848 3 3
566 1892 5 5
896 1177 2 3
93 283 5 1
232 1815 1 3
409 892 1 4
805 771 5 3
762 1019 5 4
434 814 1 1
353 255 5 2
716 619 4 5
451 985 5 4
400 1972 1 5
432 757 3 2
764 751 4 3
885 1291 1 2
52 665 2 3
460 545 4 1
582 640 5 1
812 1754 4 2
863 1822 1 2
290 1042 3 1
896 418 3 4
855 1438 1 5
51 845 2 3
695 1939 4 2
289 1352 2 1
553 61 2 3
942 675 4 2
858 493 2 4
456 1736 3 2
587 1281 2 4
63 1066 1 4
502 1682 1 4
517 699 5 1
380 420 3 2
547 401 3 3
447 1684 1 5
710 1401 2 2
341 868 5 3
967 176 1 3
929 401 2 3
550 314 3 5
367 11 2 5
206 1619 2 4
651 969 3 2
185 1545 4 3
206 1191 5 1
684 188 4 4
294 1813 1 5
64 1158 4 3
585 61 2 4
840 1339 3 3
154 8 5 2
776 1026 5 5
109 1593 1 4
890 1603 3 1
708 936 1 4
47 1615 2 4
838 1103 3 4
221 1741 1 2
875 51 4 4
539 1160 4 4
376 1586 3 2
594 1698 3 2
317 969 1 2
292 561 5 1
832 845 5 1
293 1964 3 1
8 287 5 3
723 912 1 1
249 1277 2 5
487 1644 1 5
307 446 1 3
504 338 4 2
591 1083 2 5
524 1637 1 3
962 1750 1 4
331 553 4 3
915 311 3 3
978 1142 2 2
794 760 5 2
549 1232 4 1
157 50 1 4
844 162 2 5
956 589 3 2
571 560 5 3
436 584 5 3
863 197 4 4
478 1168 5 1
200 1185 1 2
618 392 1 3
277 508 2 2
549 1525 3 1
42 779 4 3
681 993 5 3
595 1185 2 1
176 322 1 2
754 542 4 2
467 1551 5 4
30 209 5 3
867 1001 4 5
890 613 2 3
803 565 1 2
875 642 3 1
482 1150 3 2
846 330 4 2
941 889 1 5
549 74 3 3
538 500 2 3
556 1435 1 2
0 236 4 5
439 465 5 5
807 717 1 4
524 1536 5 3
213 52 3 4
63 1973 1 4
236 1017 1 4
226 62 1 2
149 1827 1 3
146 65 3 5
391 1340 4 5
438 1152 2 4
602 1635 3 4
804 1189 2 1
103 597 5 2
330 1978 3 3
903 1321 1 1
693 1160 1 1
250 1223 1 4
188 765 2 4
200 1508 3 1
348 1451 1 3
24 1763 4 2
871 676 5 4
999 1808 1 4
417 723 3 5
366 1730 4 3
317 1251 2 1
981 331 3 5
940 871 4 4
128 408 3 5
938 60 4 2
657 1692 1 1
208 1282 5 3
506 1103 5 5
177 565 5 1
448 717 5 2
794 1389 1 5
899 1486 5 5
773 1028 1 3
360 647 3 3
964 911 1 3
7 263 2 1
414 434 2 5
575 636 2 2
13 806 2 5
146 246 4 5
637 1898 2 5
273 1710 3 2
311 1423 4 2
843 8 3 2
221 1695 1 4
165 744 1 1
775 923 1 5
585 1681 5 2
790 383 2 1
46 1578 2 2
501 21 4 2
15 361 4 2
28 1447 1 1
96 404 2 5
663 927 4 2
304 1272 3 1
827 1387 1 5
483 918 2 5
469 1818 2 3
89 1864 4 1
656 1511 2 4
957 1369 4 4
148 838 5 3
55 686 3 5
37 1411 4 3
164 1980 3 4
899 1668 1 5
766 1682 1 3
597 836 1 3
102 1600 1 2
219 95 4 2
391 505 1 3
958 1831 5 1
906 906 4 5
287 1755 4 1
719 1801 3 2
318 1304 5 3
452 97 4 4
96 755 5 3
630 211 5 3
21 1728 4 5
317 939 4 4
347 1054 4 1
427 272 2 4
788 510 1 2
303 1681 5 3
218 1721 5 5
966 1608 3 5
668 297 5 5
618 1296 3 5
175 500 1 4
386 832 2 1
671 1034 3 5
357 658 2 3
189 527 3 1
67 1722 1 4
10 117 4 4
707 626 3 5
563 1254 3 5
43 1668 1 4
351 1082 4 4
870 131 2 1
329 1420 2 2
571 720 1 3
418 1712 2 1
169 1608 1 4
431 987 4 3
328 1617 1 4
350 1760 2 2
946 1349 2 2
384 994 4 5
857 1615 3 2
663 1497 3 5
552 822 3 5
904 501 3 2
59 1298 5 3
529 602 4 3
975 1822 4 2
408 849 2 2
232 1711 3 5
604 1890 4 1
356 592 1 2
546 1202 3 4
250 811 1 4
706 1292 2 4
557 13 1 5
431 722 2 4
216 1550 3 5
720 579 5 1
585 240 2 1
721 1663 4 5
237 1508 4 5
400 14 4 5
13 1341 5 3
31 312 1 2
931 1339 1 4
959 97 4 3
169 134 4 5
898 832 5 1
170 1229 1 3
621 1416 3 4
379 905 1 3
609 380 4 3
859 1459 1 5
778 1844 2 5
989 83 5 5
457 1403 1 4
316 212 1 5
814 1456 3 1
181 1308 4 4
844 529 2 4
994 1048 3 4
446 1774 4 3
929 1120 2 2
261 699 1 3
455 429 3 2
943 178 3 1
743 137 5 3
333 492 2 2
770 1630 1 2
702 1644 4 4
382 1957 1 4
328 68 2 4
249 1476 1 1
827 1037 2 3
587 464 1 5
478 901 2 2
266 698 3 5
171 241 4 3
99 1240 1 3
654 840 2 5
158 534 1 5
785 825 3 2
644 1430 2 1
166 1083 2 3
891 1679 3 1
960 6 4 1
623 1629 3 2
234 1399 1 2
966 553 2 4
689 1871 1 2
650 838 3 5
961 1659 2 5
669 1303 5 4
655 1063 4 2
346 353 3 3
876 1473 5 5
13 707 3 4
289 1444 1 5
141 987 4 1
323 14 5 5
659 1741 4 2
402 624 3 4
489 296 2 2
885 610 2 5
658 1612 4 5
528 1275 5 4
131 1291 4 3
653 1458 3 2
600 143 4 1
384 439 4 5
368 162 2 2
386 898 1 1
255 1505 5 4
390 1763 3 3
527 457 5 1
957 854 3 3
499 241 3 5
340 623 4 4
393 1992 5 4
445 226 5 4
865 1636 3 2
699 1880 4 2
168 1515 3 1
185 1803 4 4
22 490 3 2
556 649 1 5
320 64 4 4
145 1107 3 1
371 1904 2 1
892 94 2 1
805 1414 1 5
609 1744 4 4
117 486 5 4
567 130 4 5
97 705 4 2
906 244 2 2
74 1043 2 5
569 1298 1 2
356 431 2 5
88 80 3 2
283 1184 5 5
657 1006 4 4
856 791 5 4
518 500 1 3
772 783 3 2
41 1176 4 2
803 161 2 5
120 1922 1 3
553 1955 2 2
481 1992 5 2
391 1924 1 5
212 283 3 5
533 125 2 3
651 83 5 3
122 671 2 2
297 890 4 5
422 1806 1 5
899 54 2 2
989 682 2 2
483 1409 1 1
767 1024 3 3
553 1127 5 4
899 442 5 1
666 1133 1 1
470 219 5 2
136 467 4 1
575 1726 2 1
567 1028 1 2
26 1332 4 3
229 1256 2 1
849 351 2 3
742 748 4 2
484 1195 3 4
831 488 4 3
107 149 3 4
588 1080 1 4
206 1529 1 3
393 905 3 2
628 1784 4 2
266 725 3 4
960 334 2 4
411 236 1 3
192 1327 1 4
203 408 2 3
969 1186 5 2
46 826 4 4
305 725 1 3
725 1261 2 4
798 1388 3 2
812 1351 4 1
339 1842 4 3
125 368 5 1
777 1602 3 5
214 123 3 3
424 1090 1 1
176 829 5 5
109 624 1 5
987 1821 5 2
832 1427 5 5
897 1647 1 4
624 1018 3 5
570 1994 2 5
542 902 1 4
866 1958 4 5
291 1751 5 2
786 1647 4 4
537 951 3 3
299 1257 1 5
138 1218 4 4
606 245 4 1
573 1695 5 3
827 1119 3 1
435 624 2 2
135 6 5 4
479 836 1 4
46 439 4 1
828 933 5 3
589 1194 3 1
445 902 4 2
10 37 2 3
330 1576 4 3
791 1020 1 2
928 498 1 5
468 1505 1 2
219 108 4 5
651 633 5 1
767 1150 2 4
593 1521 2 5
549 1788 2 2
404 1062 4 2
780 1322 2 2
413 938 3 4
523 558 3 1
595 828 2 2
989 1284 1 3
403 735 3 5
262 1798 2 4
430 1809 1 2
566 617 3 5
778 11 4 2
285 110 3 5
469 1499 2 3
392 773 1 4
754 1101 4 1
449 81 4 5
945 1367 1 3
992 1101 3 4
556 209 1 5
160 1100 4 4
299 1933 1 4
353 262 3 1
681 469 1 1
275 1616 1 2
492 205 4 3
653 447 2 2
328 658 1 3
879 1547 1 1
740 413 5 1
338 717 2 1
593 653 1 5
135 327 1 4
266 1644 1 5
46 739 1 2
699 364 5 3
955 1963 4 4
188 1259 4 3
988 1985 3 3
319 1397 3 3
862 1082 1 1
363 392 1 3
565 361 4 2
362 1294 5 2
629 1202 1 5
231 1612 2 2
799 1783 5 1
590 508 3 3
795 1314 3 1
853 1266 3 3
813 704 4 1
999 1053 1 3
446 719 2 4
579 231 4 2
234 546 4 5
726 864 3 2
590 638 5 1
737 1513 3 3
933 1021 5 3
139 152 5 3
435 513 2 1
372 119 2 4
332 70 3 1
467 1764 2 1
201 622 2 5
68 1455 2 1
238 617 3 2
384 740 5 5
626 681 5 5
400 469 4 4
269 47 4 4
906 322 4 1
472 23 1 3
739 814 3 5
715 1945 2 1
342 640 5 5
661 1515 5 1
992 1153 4 2
600 1175 5 3
748 1587 4 2
805 1320 4 3
67 607 3 4
276 1760 5 4
200 1609 3 5
562 1115 5 3
134 1436 5 4
305 1631 2 1
609 1709 2 3
515 74 5 3
340 968 2 4
364 499 2 3
54 1649 3 4
382 699 1 3
68 1976 2 2
803 986 3 3
348 1407 5 5
740 1577 3 1
273 1624 4 4
61 1869 2 1
759 1258 4 1
979 1809 4 1
892 1822 3 4
404 1698 1 4
552 1876 4 2
727 123 2 1
874 147 4 5
8 1681 1 4
470 1571 5 3
690 1138 3 3
480 1835 2 5
766 778 4 2
327 505 4 1
314 1976 1 1
62 1385 1 1
533 354 5 1
963 1498 3 4
318 1898 2 4
867 1032 4 4
905 641 5 2
573 1134 2 5
555 685 1 4
35 404 4 3
379 1055 3 2
276 51 5 3
975 465 2 5
749 156 3 4
398 859 5 5
996 352 3 5
170 1110 1 5
124 1039 2 4
862 1327 4 5
259 1395 1 4
539 1680 4 1
495 260 3 2
102 886 3 5
995 158 5 1
634 84 1 4
561 824 3 3
75 355 2 2
875 746 5 3
213 1439 3 4
849 1755 1 5
321 1303 5 2
731 1637 3 2
860 1015 1 3
919 1157 5 5
756 256 2 4
501 637 1 4
38 960 3 5
358 1030 5 4
167 1514 5 5
575 956 2 3
986 774 5 5
966 1410 5 4
833 464 2 2
551 807 1 3
883 946 3 2
988 637 5 1
76 1833 1 4
395 634 1 2
704 1895 2 4
652 378 2 3
421 1497 5 5
152 1741 3 1
343 82 2 2
360 400 3 3
116 1081 1 3
858 354 5 3
125 362 2 4
370 1251 2 4
374 169 4 3
955 657 3 2
369 1687 4 4
43 235 1 1
658 510 4 3
432 1133 1 3
747 624 2 1
938 1199 5 2
684 1352 5 4
5 811 5 2
249 1138 1 2
687 542 3 2
526 253 5 5
693 1885 3 3
254 1705 3 1
452 940 3 1
146 692 4 1
752 1429 3 1
283 1262 2 5
902 1496 2 3
875 359 2 3
122 1811 1 2
758 1139 3 2
39 149 2 1
421 246 2 1
837 1728 1 1
495 938 1 2
217 816 5 1
588 433 4 4
122 1342 1 5
240 1312 1 2
730 877 3 1
562 1609 2 3
669 999 3 1
968 1226 3 1
21 782 2 4
608 1880 2 4
611 814 4 5
63 1405 1 4
141 1200 5 4
405 542 1 1
770 1250 2 4
238 1605 5 2
194 408 5 5
144 381 3 4
598 288 4 4
847 1484 3 5
342 803 4 4
673 1592 5 3
421 122 1 4
863 216 5 1
312 1583 5 3
982 785 2 3
537 1642 2 2
563 1396 2 5
99 130 4 4
861 950 2 2
536 800 5 3
508 1728 3 5
656 635 2 4
710 980 2 2
311 923 4 5
159 9 4 2
70 869 1 5
910 499 2 3
649 316 5 1
22 609 5 4
622 513 2 2
746 1072 3 1
998 426 2 4
417 576 1 3
219 120 4 3
507 698 3 2
507 1230 4 3
293 562 4 4
614 979 1 1
548 290 3 3
302 1255 1 4
916 696 1 1
408 1739 3 5
219 326 2 4
778 1857 2 1
209 1912 4 5
446 1659 1 5
975 861 3 2
58 1351 5 5
23 337 1 3
38 1362 2 2
844 1236 5 4
546 395 4 4
154 754 3 4
206 1205 3 1
33 145 3 1
748 916 1 4
626 356 2 4
859 1107 5 4
171 1815 2 4
105 41 3 2
397 114 5 4
659 910 4 4
527 493 4 2
704 1707 1 2
31 507 5 5
807 1841 3 5
828 1841 4 5
941 346 1 2
230 106 5 5
508 1462 3 1
977 740 2 4
223 722 1 2
615 23 1 3
932 1482 3 4
662 199 4 4
273 1776 5 3
941 1775 2 3
618 1955 3 3
348 1598 2 3
160 588 5 4
306 1949 1 2
716 1201 5 2
700 1387 5 5
582 1851 3 3
813 1742 5 3
849 921 1 1
260 616 4 3
602 1194 1 5
572 791 1 2
996 292 4 4
840 1297 4 3
574 298 5 2
20 1841 5 5
381 1697 1 4
157 1673 1 4
433 519 4 1
655 1629 2 4
961 1920 2 5
608 43 2 1
170 340 3 1
90 781 1 3
239 255 1 2
964 354 1 2
436 1647 3 1
638 1396 4 3
658 190 3 2
117 1249 3 2
795 42 3 5
411 1080 2 4
668 945 1 4
649 406 1 1
27 871 1 4
133 1849 2 4
19 1333 1 1
291 1022 3 1
532 1808 5 5
444 661 3 1
803 1286 4 3
846 1554 3 5
212 1438 3 2
643 1610 1 4
471 399 5 4
710 450 5 2
129 1644 1 3
153 1567 4 5
426 866 3 2
210 1898 1 3
668 1374 4 2
492 1817 5 5
108 1551 4 5
1 1154 1 1
399 500 4 3
34 785 3 3
826 1837 4 1
867 1764 3 3
569 457 5 1
137 1646 1 2
599 1507 1 4
330 255 4 4
378 873 2 3
829 1584 5 4
710 1215 4 3
490 303 1 1
380 1924 1 3
785 295 4 2
901 1657 5 2
956 1432 5 2
153 491 4 5
38 1239 4 4
227 662 2 4
482 883 4 5
404 1798 2 1
46 288 3 5
973 1119 1 5
275 285 2 3
388 20 3 3
629 100 1 5
381 1006 3 5
944 705 4 2
251 215 3 2
252 227 2 2
673 854 1 5
570 836 2 5
428 1579 2 1
839 1122 5 2
64 981 1 1
843 1624 2 1
920 1795 2 1
11 1281 2 4
68 1104 4 4
970 23 3 2
801 1965 3 4
543 746 5 4
863 1895 4 4
759 1952 5 4
874 393 5 5
837 500 3 5
802 408 3 4
216 280 1 1
122 1260 4 4
3 1041 2 5
468 1786 3 2
869 754 5 4
574 1521 4 3
10 400 2 5
404 1721 3 4
1 1518 4 1
389 592 4 2
816 132 2 2
959 1670 3 5
212 843 3 4
182 405 1 1
402 1030 1 5
376 1187 3 2
353 132 3 4
362 584 1 1
358 793 3 2
232 1956 1 3
400 1440 2 3
922 860 4 2
945 1568 1 2
378 1123 4 4
628 401 3 5
493 1221 1 5
7 1269 1 2
613 634 4 1
37 1833 3 5
347 747 2 2
157 839 4 3
981 628 2 4
514 1484 4 1
353 1540 5 2
405 59 4 1
347 571 1 2
202 1257 2 3
2 1262 5 1
51 915 4 1
771 1927 4 2
706 485 2 1
12 308 3 3
183 41 3 3
306 936 5 3
96 521 1 1
891 1803 2 5
359 1910 5 1
919 1236 3 4
860 1424 4 5
866 208 2 1
125 1456 3 3
196 992 5 2
757 1999 1 1
522 1668 5 2
938 426 3 1
941 39 3 1
516 872 3 2
436 1643 5 2
472 1028 3 1
82 1982 4 2
801 1505 2 2
586 475 4 3
450 302 3 2
170 170 3 4
521 1919 5 5
781 1764 2 2
