5000 10000
2623 9488
408 792
5000
538 5333 4 5
2247 3538 3 1
2689 5115 3 3
564 6329 4 4
951 5937 3 3
4730 8175 3 1
985 7538 4 4
3513 7538 5 5
1435 5176 4 4
4357 2705 4 3
3910 2202 5 5
4266 5650 4 1
793 1812 3 1
4994 131 1 1
3834 8245 5 3
2891 7189 2 5
1182 9713 4 1
1209 4009 3 1
3106 4372 5 3
11 5490 3 1
3651 251 2 4
191 4183 5 5
1214 8427 2 5
2808 5550 4 4
2632 2889 5 4
3449 4234 4 2
4303 7114 4 5
1302 3034 1 5
1643 2896 4 2
3540 6449 1 5
2438 4472 4 1
11 4588 5 3
3738 7538 2 3
886 895 4 1
4005 5343 5 1
4188 9246 1 1
1071 7722 3 5
2086 7055 5 5
764 6452 5 1
520 8020 4 5
2779 9810 2 4
353 383 4 5
2863 6717 5 3
2981 9855 3 5
3789 1101 4 1
4078 6061 1 5
1257 344 1 2
4182 8076 2 2
3943 4969 1 5
2676 8964 4 1
2841 6642 3 1
3249 950 5 3
1026 7082 3 1
1571 6629 5 3
3486 1131 5 3
4604 1287 5 4
3128 516 3 1
4740 2998 2 3
4820 7871 4 4
4411 6562 1 1
1822 6043 1 4
1336 978 2 5
1055 1659 3 1
1473 4248 5 5
2382 4102 1 3
3550 3501 5 4
686 6218 2 1
1390 3095 1 4
4569 2153 2 1
1566 5660 1 3
3660 6444 4 1
346 4974 5 3
4538 286 5 4
1894 9112 2 3
2665 5799 3 5
4447 6426 3 5
4290 7751 5 1
1706 1306 4 1
3875 3516 1 5
4245 473 2 4
379 3605 2 3
1359 6665 5 5
1232 5065 4 1
746 698 5 1
4224 9243 1 1
275 8739 2 5
1128 3596 4 1
2034 648 5 3
2126 2062 5 4
4364 9085 3 1
2075 1181 2 3
940 1950 3 1
597 7500 2 1
3119 4786 1 5
4191 6792 5 2
3720 7559 4 1
4810 6657 5 5
2871 3687 5 5
2434 2098 3 4
2024 1253 4 3
4376 9270 4 3
2028 7034 2 2
1913 2732 3 1
145 2173 2 5
4415 1627 5 3
2657 7807 3 1
4953 8 4 2
631 4012 5 1
1641 6189 3 4
1612 8498 5 4
615 4673 5 1
3423 1280 1 3
1454 9699 1 5
3753 4725 5 4
2367 5340 1 3
4676 571 4 2
3380 1020 5 5
4759 9758 4 1
2216 5356 2 1
3318 3706 4 5
1702 7214 4 1
970 6176 5 4
758 9697 2 1
134 8682 2 4
4851 3484 4 5
1621 4053 5 4
4704 2243 5 4
2975 5914 3 5
1564 3361 1 3
4769 8596 1 1
4147 4415 1 5
1548 5435 3 2
4460 2610 2 2
3331 1995 5 4
2119 8793 2 1
2354 7712 5 4
537 9814 2 1
4205 4652 1 4
4533 3598 3 2
4516 862 3 4
1736 6989 1 1
4492 9955 4 2
4374 8330 2 2
3021 2958 1 4
1386 4203 4 1
4428 9402 4 4
1500 3155 1 2
2008 5055 5 4
1022 105 4 1
30 3835 3 5
1082 7667 2 5
312 3565 3 2
3884 3058 3 4
1230 2467 3 3
2811 4638 4 5
4846 7483 4 1
3794 4755 2 4
4295 7023 4 1
2345 8730 5 3
1148 4292 5 1
3675 3296 4 5
2882 1240 3 1
2939 2767 1 3
125 8157 4 4
1456 79 3 1
3551 1951 2 1
341 1225 4 2
2758 5825 2 2
4560 9735 2 3
487 7950 4 4
358 7300 2 1
2728 9736 5 5
4907 4297 5 4
3124 2134 5 4
1679 5821 5 5
823 2956 1 1
1345 4423 3 2
1187 1928 1 2
4614 2947 3 3
1342 2868 2 2
3583 2931 5 2
2532 8128 1 5
1975 261 4 3
1608 9046 4 3
1735 2022 5 3
1975 98 5 2
1522 2997 4 3
2933 924 5 2
1928 7646 4 5
2887 6798 4 5
3530 4647 3 1
1847 1690 4 4
1856 5764 2 4
2931 1945 1 5
2471 8712 3 1
4818 2867 2 2
257 292 2 4
3545 9760 4 3
2204 1338 3 5
1514 617 3 4
3190 8275 3 2
110 5250 1 3
1981 5790 3 2
4328 9818 4 5
55 9507 3 4
4634 1477 1 2
1408 5784 1 3
3200 7046 2 2
2660 6993 3 3
1121 6178 1 4
984 6682 5 1
3250 6898 5 4
3203 5260 2 3
3369 5168 5 5
476 1131 3 4
4088 7987 1 2
2490 5164 5 4
671 9749 2 2
3216 3236 2 2
67 3737 5 4
4499 3358 2 3
4263 1568 3 5
1350 692 4 1
4340 6974 3 2
1069 3420 1 2
1585 4316 4 5
3776 732 2 4
2235 2079 3 2
2718 6446 5 2
4007 4496 2 1
2594 281 1 2
3627 5972 4 5
4696 8415 2 2
1365 9671 2 1
202 4700 4 3
3390 2200 5 2
4323 7547 4 4
1021 9628 4 4
4955 8972 1 4
2472 8630 4 3
3522 9437 4 5
4554 9067 1 5
1883 8031 3 1
116 2731 2 5
139 8948 3 2
4288 2919 5 5
945 654 3 4
4642 2215 1 4
826 8076 4 1
3571 6166 1 1
2099 4665 1 3
3698 4225 2 4
1587 8851 5 1
885 9550 1 2
102 5895 1 5
4055 1674 3 5
4875 1926 1 4
4046 803 4 2
2734 9265 4 2
1745 32 1 4
4442 535 5 1
42 8659 3 1
2277 4818 5 2
3246 5599 2 4
3762 2955 2 3
1879 945 4 5
105 4632 2 2
2332 2631 1 2
1583 8787 3 2
3723 8525 2 2
1672 3323 3 5
4461 7094 4 4
24 9220 2 2
83 9978 2 1
2305 5126 3 5
3878 4448 2 1
1617 7034 3 1
2779 7720 2 5
521 7349 5 5
2221 4823 4 3
2022 8483 5 3
4230 1336 3 2
3231 8667 2 3
1558 5176 3 4
1105 9320 4 4
3520 9717 4 5
3533 5417 5 1
120 4467 4 3
1475 4304 5 1
2820 3084 3 2
876 6835 4 3
1006 1466 1 3
393 8253 1 4
3985 8669 3 3
2043 3965 4 3
4216 2549 5 1
3426 7109 2 2
97 7284 3 1
2059 919 4 4
1192 8034 1 2
3144 2349 1 3
509 6915 5 3
440 5843 5 5
4196 8047 1 3
2578 3499 4 3
391 2337 4 3
1628 4112 1 3
1073 1390 5 5
1869 9816 2 3
3366 1992 5 4
3917 9298 4 4
3672 7629 1 2
564 9216 4 1
776 5151 4 3
4632 7851 1 1
4620 9267 5 2
4541 2543 4 3
2267 7605 2 2
3451 358 5 3
3994 75 4 5
4646 4605 1 1
4878 7846 3 5
2848 6109 1 3
2688 279 4 3
1411 5661 1 4
1633 3704 5 1
2031 8330 3 2
4203 1171 1 4
2888 2198 5 3
22 4202 3 3
155 4986 1 3
2633 8603 1 5
2132 423 3 4
2064 5178 4 5
1754 2121 1 1
1646 1411 5 5
1804 8160 3 2
1181 9157 5 2
2072 79 5 5
4341 8509 4 2
4466 2948 1 2
4063 8180 1 1
150 1494 2 2
1452 3166 2 4
663 7268 1 2
3212 9567 4 1
4823 4725 5 5
1617 7481 1 2
214 1756 3 5
4968 6478 1 1
3986 3743 2 1
3454 6497 4 5
1883 7563 1 1
3565 8288 1 4
1506 743 3 4
4112 6386 5 5
4071 3641 4 5
60 7401 5 5
572 2151 5 5
4324 6365 4 2
1964 8215 2 1
3251 3369 4 5
2056 2948 3 2
4667 4180 1 4
3910 8201 3 4
2801 3875 4 4
3013 5006 3 3
685 1090 4 3
4652 9697 4 3
1533 4201 3 4
3574 1092 5 4
2636 508 2 2
4354 9519 1 3
1697 7071 1 5
1038 5860 3 2
3475 1186 5 4
441 5111 2 2
4656 7393 1 4
4242 646 2 2
577 6908 4 5
3214 7890 3 5
2480 5236 5 4
548 3340 1 5
2263 9236 3 3
2174 6369 5 2
1881 489 1 2
568 3068 4 2
4988 2861 2 4
375 6333 4 3
785 5473 2 2
4407 3238 1 2
1237 5018 5 4
694 8112 1 3
4300 605 4 5
1836 3407 2 2
3134 4186 1 4
259 6285 2 2
879 5484 3 1
4361 5472 2 1
245 2667 5 1
389 8503 4 5
4554 4430 5 2
3918 1148 4 3
2667 6488 1 3
1387 3861 4 3
4672 2702 3 5
4087 9023 5 5
845 7285 1 2
2894 7576 1 3
1003 971 4 5
1060 4111 2 4
300 5079 2 2
4470 1255 4 5
1979 3016 4 2
1020 5620 1 2
1453 1345 4 5
4460 8054 2 1
4513 1271 1 1
2691 4723 5 3
4901 1912 5 5
1583 7267 4 4
142 3385 5 2
4502 58 4 1
702 2259 1 1
157 4199 1 5
2735 2025 1 1
3374 9089 4 4
500 6195 3 3
1731 2325 1 2
2855 552 4 3
305 2128 4 2
2193 7236 2 3
718 3594 3 4
2810 4530 4 2
1810 4598 5 3
396 4216 5 3
3271 84 5 2
318 4075 4 1
3101 3600 2 1
418 5606 3 2
4600 9335 5 3
1933 6941 4 4
769 6112 2 2
164 898 4 4
491 4593 5 1
4334 6097 2 3
4849 6134 3 1
870 755 2 1
45 1988 3 2
4464 2954 1 1
4533 3552 2 5
2225 9391 4 3
1992 5393 4 2
745 9923 4 1
3029 2987 1 4
1871 4533 5 2
3261 4503 4 3
3728 9237 3 4
1394 8723 3 4
4057 2188 2 2
3791 9728 3 5
4826 2277 1 3
2632 1987 2 5
3260 2249 2 2
3376 636 5 3
4936 4416 1 2
1569 6656 5 1
4422 2578 2 4
1153 8106 3 1
191 5763 4 3
3875 1180 3 3
1715 7499 4 1
4067 5809 3 5
113 5131 1 2
894 577 3 1
1578 7974 4 3
3040 2562 4 4
4162 5095 2 4
3138 6768 1 5
2134 7663 5 2
1736 4285 1 2
4708 1086 4 1
832 1686 1 3
4830 8899 1 3
730 7709 2 5
1402 4319 3 5
544 6213 5 3
1938 8678 4 4
1481 8172 1 2
4629 8116 2 1
4901 5423 3 5
2161 6029 3 3
1869 7411 3 4
865 1435 3 2
3824 4413 5 1
1545 5934 5 4
2053 9927 5 2
4022 2020 3 4
3721 35 4 1
3032 2515 4 5
4963 3120 4 1
2278 1973 3 2
3193 2652 2 5
4293 2609 3 2
1268 3967 4 1
2993 353 5 2
194 5738 3 4
4127 2745 4 5
2933 2605 5 1
2289 4318 2 1
3485 6360 1 3
4484 5974 5 1
4971 4318 2 3
2335 516 5 3
3127 4556 1 3
3651 7771 2 2
188 2533 2 3
3425 6220 3 2
1290 6362 5 1
1168 7638 2 2
978 5145 5 4
2830 7570 1 1
1063 3203 4 5
487 9119 2 1
826 6189 4 5
1205 2228 2 3
4295 1711 4 1
4674 9598 2 1
2371 1419 4 1
4494 9622 2 1
1413 8750 1 2
3934 3142 3 5
4666 1462 5 1
1845 355 4 2
1033 3274 2 1
1436 6421 2 4
3920 655 5 4
139 346 4 2
4548 8491 4 4
817 2061 4 1
1762 4516 2 4
2436 9443 5 4
1359 2711 5 3
4566 1077 2 4
866 1232 2 2
789 1751 3 1
121 2022 4 1
2041 4129 2 4
4322 5552 3 2
2498 4323 1 4
3517 8812 2 4
4944 6515 2 1
3873 6947 2 5
4349 8749 1 5
385 7641 1 3
885 3660 2 1
4606 7288 2 3
805 4391 1 5
1602 5229 3 2
872 7957 3 5
2452 8349 5 2
3549 8818 2 4
3229 3361 2 5
3511 5190 5 4
1239 2582 1 3
3486 2367 2 1
3798 7551 2 5
2754 7987 5 1
3168 7652 3 2
3235 6562 1 2
4962 4033 1 4
4612 9808 2 1
1195 3625 3 5
2996 8529 5 2
3040 2813 2 1
400 1765 2 4
4708 6021 1 3
1292 1883 5 2
2958 9979 5 3
4894 2637 4 2
3131 2637 1 2
583 1085 3 4
1949 8776 5 3
270 843 1 5
3432 2415 3 5
2149 4666 1 1
2322 1415 3 3
2026 2202 4 1
2420 8156 2 4
4620 8418 2 2
3597 2096 4 4
1469 9681 4 5
1048 3542 5 4
4104 1214 4 2
1314 1970 4 4
2086 3902 4 5
1029 9572 3 1
3995 8278 3 3
187 2283 2 2
982 617 2 3
2080 2373 1 2
1794 7071 3 4
4521 2513 2 2
3207 9899 2 5
4736 7250 5 4
2764 4215 2 3
3249 5570 5 5
3094 2336 2 1
2355 2984 2 5
28 7943 3 5
228 7416 2 4
3658 4544 3 4
897 5121 3 4
4668 6899 2 3
1234 2445 3 5
2390 6826 5 5
4905 1724 4 5
4833 2307 5 1
4861 1283 4 4
2914 2344 2 4
3732 8079 3 4
2489 8175 2 4
310 6940 4 3
1883 5111 3 2
3418 2685 2 4
2496 2413 4 3
1848 3626 1 5
2985 5585 4 2
1832 2096 1 5
135 2880 4 1
4910 2197 4 2
3654 1189 4 3
1937 610 1 5
1512 7280 2 4
453 5340 4 4
462 3393 1 3
2744 554 2 3
1717 9326 4 2
762 2949 4 5
2069 4008 2 5
2309 3632 4 4
456 466 3 1
2903 610 5 4
2002 9011 1 5
4783 4558 3 2
1942 1909 4 3
2429 3101 3 5
3555 7225 4 1
428 3895 5 1
2181 3739 2 1
2175 2287 4 5
649 8226 4 1
1392 3104 2 4
2506 125 2 5
1613 6322 5 1
1773 5884 2 3
4889 1442 4 3
2591 9765 3 5
1026 1213 4 2
4720 5736 3 2
4420 8084 5 2
4104 973 2 1
3647 2599 1 1
4241 3841 3 5
2641 1423 2 1
594 6715 5 2
3964 7887 4 4
1812 810 5 2
4447 8489 4 4
4731 48 5 4
1323 313 4 1
2077 2849 5 5
2136 1798 5 3
4256 9905 5 4
3896 5295 2 1
3053 3408 2 3
949 203 2 1
125 645 5 2
479 5721 3 3
4285 3424 3 2
2611 4458 5 2
2181 7008 1 2
1152 3992 2 5
3700 7456 2 5
3829 5516 1 4
3081 8779 1 4
2250 4840 2 2
4132 6787 3 2
623 4221 4 3
614 7401 4 2
697 1339 1 5
4397 5356 5 4
436 8752 3 4
3766 5176 3 2
8 6392 3 5
1590 1019 1 3
2620 8991 1 4
3196 7800 1 4
4569 1949 4 4
3652 4675 3 5
1714 8756 3 1
1966 9372 2 2
2882 8096 2 5
4558 3999 2 3
1495 3406 1 5
603 830 4 1
1389 3753 5 1
4214 2672 5 1
714 3480 2 3
1426 5810 5 5
1953 1542 4 2
2771 932 4 5
2169 8206 4 3
4518 5089 3 1
4421 4175 1 4
3423 166 5 5
1823 1948 2 4
3879 2948 3 1
2245 2679 3 1
1805 2070 5 4
138 6485 2 5
787 9390 1 1
1782 3030 4 1
1598 6822 5 4
4385 2328 2 4
2638 8459 5 5
569 2887 5 3
2479 8368 2 3
2426 6198 3 4
2794 5677 4 5
4353 4539 5 1
681 8258 5 1
293 2089 4 3
274 4860 3 1
3873 5434 4 2
1901 9140 4 5
2669 2488 3 1
4083 1934 1 4
3236 9650 5 4
3954 7524 4 5
4807 4632 3 1
4746 9991 1 4
2713 8291 5 5
3715 7887 4 2
188 2972 2 5
2453 3780 3 1
1715 4193 5 1
859 7186 5 1
909 4193 1 1
2092 3349 5 5
820 8498 5 5
3192 6727 1 4
4850 5540 3 3
4660 720 3 2
2456 5204 3 4
1195 3925 4 3
4059 9462 3 2
1405 4072 1 3
1285 755 2 5
3741 5367 3 4
454 1023 1 1
872 7778 2 4
1491 7072 2 3
498 1255 5 5
358 5104 1 2
4588 3334 4 1
2044 1507 1 1
3437 6426 5 4
3725 545 5 5
4161 994 3 1
4033 9143 4 5
199 6264 5 1
684 9599 3 1
1466 2629 2 4
2068 3003 5 1
4714 7350 5 4
3948 6806 4 4
3900 1927 4 3
535 4208 3 1
236 3110 2 1
1354 7232 2 3
4931 4687 2 2
3845 1261 3 4
4305 3803 3 4
305 74 2 5
1001 255 3 2
2231 9209 3 3
1160 7127 4 3
2180 9169 1 3
1928 3339 5 1
2300 3231 5 2
3517 2669 5 4
1372 2448 4 3
1351 335 4 4
4772 2360 2 1
4744 8881 4 2
4025 7569 5 1
454 6293 2 3
4762 2125 5 4
2397 8443 3 4
445 262 2 2
298 104 1 1
1232 2864 2 1
873 8905 3 5
3237 3874 1 4
83 5163 2 5
3644 1618 4 2
30 456 5 1
359 1908 3 1
1006 5309 1 3
4087 3469 4 5
1187 2233 5 5
3054 1425 4 4
3294 9131 3 2
374 2219 3 1
1337 5583 1 2
3745 6312 3 5
811 6169 2 5
4819 412 5 2
1323 9436 1 5
430 7099 3 4
3115 999 1 4
1609 7288 4 3
1435 9557 5 1
2934 3998 5 4
84 3848 4 5
2130 7006 1 4
3221 2684 3 4
4892 693 3 4
846 6081 2 3
1684 789 1 4
173 95 4 4
2047 6471 2 3
160 997 3 3
4001 5890 1 3
4287 7150 1 5
3922 6502 3 5
1292 7372 3 3
4081 5255 2 5
2675 8798 3 5
2634 8434 2 3
4716 7778 1 4
1834 1659 1 2
4405 3630 1 4
66 4979 4 2
1176 640 5 1
2948 865 5 1
4831 3749 1 3
1091 4402 1 1
1090 693 5 3
1176 933 5 1
2281 8699 4 3
1839 4010 4 4
2325 6086 4 1
3475 5569 1 4
4659 2489 1 1
3446 2071 2 5
1382 2170 3 3
1551 3020 4 4
859 4100 2 3
4055 9780 1 2
2933 7973 2 2
1771 5105 5 2
3797 982 3 3
1526 7482 2 3
4826 8487 1 2
753 7218 1 2
659 2786 5 5
1283 53 2 5
4013 5500 1 1
302 685 3 5
833 8795 2 3
3138 6250 1 3
2368 1475 5 4
4346 9107 5 1
947 8095 5 3
4074 1633 2 4
3567 4146 4 4
2415 2177 3 4
486 8629 1 4
2440 1758 2 5
1617 1865 3 1
486 5334 1 2
1715 1383 4 1
1508 224 4 1
2185 5501 4 5
3839 3832 3 5
1230 6921 3 4
4340 9083 4 1
474 2822 2 1
4078 5784 3 1
3583 2119 2 1
1171 920 1 4
3211 8227 3 3
1029 1619 2 3
4270 8655 1 4
3869 8822 5 5
822 2979 1 5
4382 5400 1 3
3760 4553 4 5
2737 6452 4 1
2340 2495 3 4
2057 8750 1 2
3703 3124 5 3
973 9013 2 2
996 4443 2 1
4922 4781 4 4
4667 2805 4 3
4629 3805 4 2
3150 2704 1 1
727 1940 2 5
2532 2948 3 4
980 7839 1 2
1141 3997 3 2
4389 1400 5 5
2103 6718 2 2
262 9630 4 4
1167 8082 4 2
11 312 2 3
1630 6656 2 3
2248 2705 5 4
3351 3889 5 3
2644 8396 2 5
2557 6520 2 3
3075 364 2 5
4223 9707 2 5
10 4924 2 2
790 5660 5 4
4182 7681 2 3
785 1762 1 4
79 4148 4 3
334 9316 1 4
4840 3381 3 5
1544 7580 4 2
1252 158 4 3
2909 4895 1 3
1288 3021 5 3
2392 9805 1 3
1977 7363 1 3
3340 1135 1 4
2258 6749 3 4
2165 1088 1 4
623 7108 1 4
1002 1087 1 3
2054 503 5 5
154 9735 2 3
3549 4058 5 2
2597 330 1 5
3540 4630 4 1
2859 8036 5 4
2572 9168 3 4
128 5280 1 3
2891 458 2 4
96 7097 1 4
578 9241 1 4
4785 1212 4 4
2921 3381 5 1
709 6308 5 4
2738 2557 2 3
3919 5442 1 2
2950 3358 5 4
228 68 2 1
4655 4459 4 5
2836 4025 3 1
3703 3596 2 5
4952 1604 3 3
2080 9102 1 2
2272 1216 3 1
2287 5336 4 3
2702 9927 4 3
2193 4608 2 1
4317 9131 1 4
1364 4652 3 2
3128 258 5 1
4680 9134 2 2
175 8041 3 3
1689 890 5 5
409 6604 2 3
606 7096 3 5
3114 6841 3 5
747 757 1 4
507 9608 5 1
4371 588 3 5
4315 8631 3 2
4760 3981 1 1
293 4290 3 1
693 811 1 4
3826 7535 4 5
4146 8163 4 5
3885 5068 5 4
2828 3966 3 3
1299 9631 4 2
1806 7087 2 3
689 8005 3 2
4408 7644 1 4
2590 6955 3 2
2559 2517 2 2
3792 2469 5 2
3218 5014 4 5
2323 3826 1 5
457 3613 2 2
809 8457 3 1
3051 5441 4 1
1198 2523 3 4
2520 7541 1 2
5 9811 3 4
2413 3401 3 5
3614 6635 4 5
124 191 1 1
4324 5494 2 3
468 9209 4 2
866 790 1 4
4166 1255 5 5
533 5272 3 3
4336 272 3 3
3454 3100 3 4
1645 4480 5 1
4987 1330 4 1
269 2723 3 2
1757 5093 5 1
3174 8449 1 4
1860 4981 2 2
2627 8677 5 2
888 2341 5 3
3410 8348 4 4
4839 3699 4 1
3211 1951 2 5
3522 1538 1 2
4993 1975 1 2
3478 4118 4 2
1397 4400 3 3
3370 3696 5 2
1022 6651 1 1
175 8065 1 4
8 4432 4 4
2985 8495 1 3
235 1262 5 4
2690 5770 5 5
85 4015 2 4
3856 2392 1 5
4521 832 1 5
4448 3423 4 5
3927 2878 3 2
687 6428 5 1
3845 9452 5 2
2611 8915 1 3
1465 3999 2 1
3196 2778 1 3
1805 1881 3 2
2652 997 1 2
1938 7396 4 3
1912 6772 4 1
3112 6371 3 1
2643 5837 4 5
4918 9145 5 4
962 9260 1 3
571 6495 5 4
3746 9465 5 1
3431 6595 4 1
1684 3717 2 5
44 6793 1 3
1315 7881 2 2
3513 2454 5 5
857 363 3 2
3429 2530 5 3
998 8912 3 5
2753 2343 5 5
3030 1750 5 4
4271 9510 1 1
3695 5122 2 3
3788 2340 2 5
1352 7857 2 5
194 1454 2 2
183 9638 1 3
990 789 3 5
1269 3220 3 1
1365 5720 2 1
421 5899 3 5
4120 7912 4 1
2885 9863 1 4
659 4423 5 1
2030 9786 4 4
287 2311 3 2
2766 8277 3 5
1999 6454 5 3
1177 2926 2 1
419 976 1 4
419 2046 2 2
3235 1311 2 1
549 1405 4 1
1858 659 3 5
4468 8987 4 2
2721 5896 4 4
4411 1039 5 5
1007 9929 4 2
988 9039 3 5
175 8858 5 1
132 5552 2 2
3105 7913 2 3
3450 743 5 2
3320 5860 1 3
3450 8529 3 5
4229 1397 1 1
218 6785 5 1
2822 7859 2 3
1705 5360 5 5
1637 3121 3 1
1932 2854 2 1
4357 2657 3 3
593 1094 3 5
1245 6302 1 2
1544 8964 2 5
3411 5953 3 1
656 4532 5 3
3826 4630 3 1
3742 7280 2 4
4968 7992 1 1
4543 6346 1 1
1324 853 3 3
4909 8224 3 4
2088 9112 4 3
1822 6736 1 1
683 4841 2 5
1061 4841 3 2
1416 6866 2 1
1606 3956 2 3
2405 8009 1 3
3116 6069 1 1
2591 8147 3 5
2442 5979 1 4
410 2941 3 2
3891 152 3 1
3509 8189 2 1
1072 6039 4 4
2024 7692 1 1
1881 2856 1 5
502 6593 4 3
1286 7895 2 2
418 7239 4 5
3695 1342 5 3
4765 1776 3 1
3907 734 5 1
4213 220 2 2
1538 2837 1 3
4715 8903 5 2
3399 2106 3 4
4673 1737 4 4
1539 5494 1 2
3635 5790 3 3
3262 2924 4 3
1572 9096 4 4
966 8272 1 1
3588 269 2 2
1188 8766 1 1
251 7869 5 2
1681 9611 4 1
2700 484 3 1
1704 2671 4 4
883 4017 2 2
1145 3074 3 5
1672 8433 2 3
3600 5053 4 4
1461 5906 1 4
2758 7483 4 1
3984 2642 2 1
2657 9723 4 4
1870 704 1 4
1889 5848 3 4
2141 8939 2 1
1996 290 5 4
3098 475 2 1
3979 123 2 3
1383 5479 4 5
2601 5236 3 5
2970 5944 3 5
896 474 4 4
4707 9690 4 2
4990 6745 1 4
3610 3525 4 3
1824 525 1 4
3002 8415 3 1
1825 9657 1 5
2801 5129 5 4
2801 6158 2 3
2924 1028 5 3
3887 8749 2 3
1137 9899 1 3
212 1285 2 4
4850 6835 4 2
3246 7792 2 2
1460 2258 5 5
4208 2961 2 3
1995 1969 1 1
359 2104 4 2
1002 6935 5 2
4110 1257 5 4
4046 6501 1 3
2146 4219 4 4
3239 6173 3 3
4567 9285 5 2
627 9259 3 1
682 1648 3 2
4292 3885 3 4
2571 4661 3 2
581 6000 4 3
109 4506 2 4
339 8414 1 5
3850 756 2 5
8 7828 1 1
4738 5897 3 5
4891 550 3 3
2606 9594 5 4
2797 5987 1 3
246 4505 2 1
1460 4106 1 1
2431 3927 5 3
878 505 4 1
3201 1011 5 4
780 4162 1 4
1878 9277 2 5
2632 4982 3 3
4744 7679 4 2
892 7920 2 4
923 2604 1 2
1555 7788 3 5
4399 4132 3 1
4147 6815 4 2
3046 286 1 1
2634 6569 4 3
2124 4049 4 4
984 193 2 2
1399 4211 4 3
1000 2257 3 1
3195 1124 1 3
3969 8298 4 3
4292 8140 3 2
2354 2507 5 5
3278 5774 3 5
2984 7675 2 5
943 9764 3 2
1011 99 3 5
611 5848 2 5
2073 9835 2 2
3987 8586 4 2
547 5193 1 4
484 6635 4 4
2155 8522 3 4
4143 379 1 1
239 4770 5 1
309 1819 1 3
827 4061 4 5
1324 4080 2 2
4637 3960 1 1
297 7573 4 3
3048 2882 1 3
1630 1187 3 2
2979 3411 3 4
2615 6307 1 4
184 8840 4 2
1460 8834 4 2
1397 8156 2 2
2865 9617 5 1
1249 9400 4 3
294 900 5 4
2155 4941 2 5
624 4467 4 1
1654 2947 3 4
891 1397 5 3
4777 864 4 3
240 6264 4 2
2832 3321 5 4
2110 8241 2 5
1591 5922 5 3
195 4506 4 2
3727 684 5 5
1041 8354 2 1
4609 1780 4 5
4022 4033 2 2
3677 1423 5 1
4832 2761 1 2
4341 8186 4 5
1346 3327 2 1
2006 2701 5 4
527 3198 4 1
2489 4652 5 2
4343 2657 4 4
2040 6695 4 2
4728 7728 4 5
2957 3870 4 5
3599 9987 5 1
1344 8141 4 2
669 5036 3 4
4844 3995 5 5
3326 6075 3 1
1385 2034 3 2
4881 1069 1 3
2469 7582 3 2
3785 3043 2 1
592 654 3 2
2845 8024 5 3
1010 8183 2 5
2129 8172 5 4
103 3882 5 5
2475 9623 3 5
3603 9934 2 3
1489 5379 3 3
3016 9040 4 1
3532 5528 4 5
1855 862 4 4
4517 7162 3 5
522 4255 5 3
1939 4861 3 1
2398 7918 3 4
1649 897 1 5
4968 8623 1 4
2075 8164 4 4
4513 3844 3 5
503 832 4 2
2544 6519 5 5
690 3938 1 4
928 5914 2 3
3405 5890 3 4
2257 5545 2 5
1854 9838 4 2
1841 2363 1 3
1598 8104 4 5
2311 4792 4 4
4365 7304 2 1
1609 6136 3 1
1013 231 4 4
2888 531 3 5
185 1738 2 3
2050 3021 5 4
562 5486 3 3
139 2834 1 5
69 3937 5 2
36 5340 2 2
2785 168 5 1
349 3851 1 1
2794 3057 3 5
3039 3866 4 4
4676 2571 2 5
2703 4708 5 3
4322 8236 5 5
1788 2291 1 5
1229 9463 1 2
1657 1331 3 5
2194 9352 5 1
1609 5584 4 2
4078 625 2 2
2666 842 5 2
4539 8010 2 2
151 3519 1 2
1491 2302 3 4
1816 151 3 5
4752 3795 5 2
4689 6161 3 4
3393 7499 1 2
4171 205 4 4
4108 8798 1 5
1158 1883 1 3
2092 7202 1 4
3676 6798 3 4
297 4331 5 5
246 4877 4 4
1188 8608 5 1
4407 5499 5 4
2148 8218 3 4
50 6829 1 3
2016 3513 2 1
156 7946 5 1
1138 7825 1 2
1351 8391 1 3
3499 9450 3 3
2475 3938 2 5
1078 8394 3 2
2612 7779 4 5
646 8649 1 1
3297 8886 2 5
3356 3393 1 5
892 1693 3 5
572 294 3 4
2116 7444 3 4
2919 1206 5 1
4493 5192 1 1
1920 964 1 1
4925 4398 5 4
3896 954 3 5
1323 475 5 2
384 2961 5 3
203 5228 1 4
3217 40 4 3
2616 7633 3 5
4299 7586 5 5
992 8822 3 5
4888 992 5 2
734 7717 4 2
339 6102 4 1
665 8631 4 4
4335 4644 2 2
1139 8887 2 1
3237 2489 5 5
655 4339 5 1
2666 7593 2 4
2655 9728 5 3
2915 6277 4 4
2454 4411 3 2
4528 8116 4 1
3502 463 2 2
1476 1536 1 3
2937 176 3 1
3884 8865 5 2
4297 7046 5 3
1661 6149 1 5
280 6518 1 5
2317 9297 1 1
4880 3162 3 2
2349 7056 4 1
3616 2331 1 3
598 9791 5 5
3418 7154 3 1
1652 5806 5 2
1162 206 2 4
4751 4433 5 5
3797 3718 1 2
387 8956 2 5
644 4652 2 2
2221 1091 2 1
4122 6494 1 1
1150 9835 3 3
20 8896 1 5
1665 188 5 1
1953 788 2 3
4872 6090 2 1
371 5696 2 3
3393 5796 4 3
1145 7909 4 3
3872 1997 5 4
447 807 4 3
497 6141 3 3
3464 8371 5 4
2230 2270 4 3
3983 1228 1 3
3512 6858 5 5
2383 6370 2 2
4183 3129 1 5
1968 7630 2 3
1885 8637 5 1
3504 9417 4 1
844 5084 4 5
3156 7064 3 2
1961 4195 2 5
283 6563 1 5
4846 1502 5 2
4566 1682 5 2
159 8398 2 4
3908 979 5 5
3031 5471 5 2
1268 3568 3 4
3882 8367 3 5
2465 6352 4 3
3927 5459 5 4
3571 6815 5 4
2606 3494 3 2
2236 3588 2 1
4530 1693 2 1
2630 8626 5 2
3496 3205 1 1
4778 8619 4 4
2039 4800 3 1
807 4289 5 4
3891 3474 5 2
3531 2393 2 4
2043 5706 4 5
2166 5777 2 1
4491 3730 2 5
1175 9799 3 4
2299 351 4 4
2320 6335 2 2
4905 2904 3 4
2649 7474 2 5
1590 720 5 4
3248 1109 5 3
2420 2094 3 4
946 9973 2 4
162 1270 2 3
3803 5752 4 4
4328 2071 3 2
4772 7288 2 2
4004 2076 1 3
1592 9085 5 5
589 4007 3 2
1990 8835 5 3
53 2274 5 4
4013 6661 3 4
4366 9419 1 5
3354 3981 1 3
3029 1248 5 5
167 9209 4 1
1608 2486 3 4
660 4154 1 1
3214 775 5 3
3718 4270 1 4
1845 1781 3 1
2881 5455 3 1
3351 4339 1 4
1774 8335 5 4
410 3139 2 2
3646 5467 2 2
3121 2713 5 2
3492 9319 5 1
550 4299 1 4
4877 6189 5 4
264 9751 2 3
4043 2048 1 5
2593 4807 1 2
137 4624 4 4
3669 4383 1 3
1851 46 3 3
2172 6071 1 3
1130 354 1 2
53 4054 4 5
3051 7710 4 1
1258 8155 2 2
1390 9975 5 1
2179 9504 3 5
4775 9440 2 2
2756 4535 4 4
2445 8555 1 3
1305 7430 2 5
2570 293 1 4
4224 3774 1 1
1875 9758 1 5
4631 5789 4 5
2615 9038 2 1
1786 709 5 5
4632 9080 2 1
3255 6651 1 1
3472 591 5 3
2183 9761 4 5
4759 7969 4 5
1879 2398 4 5
718 310 5 3
510 8249 2 1
3665 6935 2 2
1793 2750 3 1
1671 4805 3 4
2283 2545 3 3
257 2053 2 3
2225 467 2 3
388 2995 1 1
622 4373 2 5
654 4246 2 3
3498 7911 3 1
1358 1349 5 4
1947 3874 1 3
2964 4239 5 1
2353 1944 4 3
2470 7167 4 4
770 9367 3 2
1806 7176 4 1
2544 3169 1 4
2259 8997 3 5
1436 6458 2 5
348 1504 5 3
1724 5449 1 5
1308 8171 3 3
3769 9334 4 1
3255 4752 1 1
3960 2711 5 2
854 4492 1 3
475 3675 2 1
2589 2563 4 5
4006 7939 4 1
3055 1591 3 2
462 1797 3 4
3274 6562 5 3
4637 8439 4 1
1466 7765 3 2
720 8947 3 4
755 2582 3 5
260 2266 1 4
1929 4943 1 3
3370 5082 2 2
822 1256 4 1
4848 4673 1 2
1219 7467 4 2
3207 2042 1 4
2312 5750 4 3
4008 7604 1 1
1274 2060 4 5
3571 8880 2 5
68 342 5 5
2508 1609 2 4
4538 8972 1 3
507 1837 2 3
3793 868 1 3
4236 2565 4 1
2312 4141 1 1
1510 2892 1 2
1617 263 2 5
936 5451 3 1
2212 7042 4 3
4439 9860 1 4
364 1865 2 5
2215 9554 1 5
1848 537 1 4
1715 1380 5 4
821 2866 3 2
4158 624 3 2
3833 907 5 4
384 9260 2 1
563 5088 1 3
2321 926 3 5
732 5437 3 3
3409 4933 1 5
3899 6478 1 4
3551 6444 5 3
3676 7039 1 5
3150 4332 5 4
4710 319 2 3
623 7596 2 2
1517 7461 4 5
1197 9166 5 1
2822 292 4 2
3368 5168 4 3
1103 8837 2 5
1584 1828 3 2
1074 8917 4 2
3256 9059 4 5
3260 3710 5 5
1438 7714 5 5
4003 5418 1 3
293 8791 5 2
3814 1043 1 1
1435 7236 2 3
3077 44 5 2
4552 4518 2 3
4114 1615 3 1
4665 3647 5 4
4533 901 2 5
4846 914 2 4
978 3750 5 3
493 1509 5 4
777 8263 5 1
1390 2025 4 1
1820 822 2 2
2234 1745 1 2
1323 2389 2 2
1651 5636 5 3
4693 7780 1 1
4645 9940 4 1
4101 7326 1 1
4675 7785 1 2
4303 4113 3 2
2929 6272 4 5
4330 9802 1 1
2719 506 4 3
4143 7316 3 4
3628 2718 5 3
22 9924 4 5
3854 8442 2 4
1277 8352 5 5
2312 6006 4 2
2904 7766 3 1
4136 2477 4 4
4897 1277 3 4
1998 2559 2 3
1241 8958 2 1
3700 5826 4 5
2089 5902 5 5
954 5291 2 4
1528 7342 5 1
4910 5044 4 5
3161 2029 4 1
2294 9179 3 4
4069 7796 4 3
1811 3775 3 4
4839 3867 4 1
4579 8696 5 2
3019 8275 2 3
1659 1438 3 5
1733 2140 5 5
659 4319 3 5
1057 2395 3 3
3085 493 2 3
2180 146 4 2
4421 6743 3 3
2509 9285 1 5
362 6215 4 3
4178 7940 2 5
1129 7379 5 3
4887 4130 1 3
2312 3655 1 5
1900 9232 2 2
2987 8244 4 1
3765 8269 5 5
2242 7314 2 2
2627 4695 2 4
1037 1650 1 1
2890 2005 4 1
2830 9590 5 5
4411 1899 2 3
71 9634 3 4
3952 5127 3 2
1221 8375 3 4
1535 7747 3 3
4699 7102 4 3
4553 4790 3 3
2190 4979 3 2
3439 6337 5 4
2985 3797 3 2
4462 624 4 1
4499 1495 5 2
4621 4276 4 5
689 4210 2 1
4500 9408 3 2
2193 9484 4 1
2910 4591 5 1
4194 2984 3 4
1804 1934 5 2
1715 7748 3 2
1012 1895 1 2
3052 5137 2 3
2272 9146 5 5
4315 5078 1 3
4835 8487 4 5
735 1915 3 3
1925 4058 4 4
903 2368 5 2
2131 1270 4 1
3203 1129 3 1
137 3967 5 5
4522 85 2 5
4286 9605 4 1
760 2150 3 3
3104 2814 2 5
2591 2606 1 5
1938 9085 5 1
107 5293 1 1
4630 1123 5 5
604 2756 4 5
1180 3798 5 2
2974 4951 5 2
3883 1905 1 2
2255 2021 2 5
553 2213 5 1
3753 9908 1 4
515 1209 3 2
1983 2097 2 4
2947 1849 1 1
3400 9463 3 3
684 4174 4 3
3098 9913 3 4
1063 2939 5 5
1423 438 4 2
824 1476 4 3
1786 8142 1 5
4996 2152 1 4
808 5315 1 2
4744 8876 5 3
4394 3134 2 1
3036 1615 1 5
1027 6950 2 2
4213 8921 5 2
3532 1260 1 4
1706 2783 2 3
4049 5209 5 4
2042 6881 2 2
7 6264 2 4
3940 4339 3 5
645 7811 2 5
3366 2957 1 2
2109 3187 1 4
2985 4703 2 3
4956 677 1 2
3779 4933 4 4
599 663 2 5
2501 8673 5 4
3242 2653 4 2
2805 7727 4 5
457 7869 4 4
1286 123 1 2
400 2613 4 5
3773 3356 3 5
2010 9597 4 5
4135 6839 3 3
4746 1327 4 3
4527 4991 3 5
1430 2395 4 3
1259 7809 4 2
211 4404 1 4
3880 7614 4 1
3605 4540 1 3
690 6122 1 1
3724 8214 3 4
1602 911 4 4
1653 3328 1 3
568 9421 5 1
1913 824 5 1
4219 6246 2 3
393 4173 1 2
148 1371 2 4
4793 9019 3 2
4965 724 5 2
2026 360 5 3
4891 8207 4 2
4515 6281 3 4
1263 8564 2 2
1369 4253 3 2
2812 8524 1 3
3771 5032 5 4
2878 6862 1 5
3611 9772 3 4
3990 1750 1 4
4015 5811 3 1
2188 7603 2 4
928 9356 1 4
3940 931 2 3
2981 698 2 1
3780 3608 1 3
1690 6528 1 1
4139 2407 5 4
4109 2856 4 2
230 743 5 2
50 9859 5 4
395 2495 2 4
1596 6303 5 1
4955 3 3 2
3265 7330 3 3
4868 3028 1 4
2942 7991 1 4
4367 261 5 5
60 8464 4 1
479 221 4 3
3262 6139 3 4
3071 445 5 2
3887 4384 4 4
3706 8607 3 2
3299 6020 5 3
3140 8306 3 4
3385 984 4 4
603 4979 1 4
559 6788 3 4
3616 3896 5 3
4140 7422 2 3
3014 7991 5 2
2005 8633 4 1
3469 2127 4 2
1555 4008 1 3
4493 3321 2 1
55 6215 4 4
56 7305 2 5
2363 4875 3 1
1433 3075 2 4
854 1343 4 5
1735 3865 2 4
3936 3797 1 4
3559 2949 4 4
4582 4337 3 5
821 6926 4 4
901 1756 4 3
2416 510 1 4
927 8718 3 3
1292 7547 1 1
672 2809 4 5
2879 4286 3 3
4311 267 3 1
3597 1874 4 5
1815 3762 2 5
2136 5214 3 4
1966 193 1 4
3870 3362 4 5
3085 4293 4 1
4290 3246 4 4
1757 1061 4 1
1467 4106 5 4
3934 3371 3 2
4293 33 5 2
113 9723 5 4
1542 6011 4 5
152 4609 1 5
3927 8047 4 1
4554 3559 2 2
3832 1784 5 3
2578 3639 4 2
1836 5948 4 2
2836 5299 1 5
655 8926 5 1
1767 9206 1 1
3626 6590 2 4
75 4841 5 4
3313 7017 2 1
328 1029 3 3
3489 1788 5 2
3544 101 1 5
4513 9427 1 2
4316 518 2 3
3554 6717 2 4
779 656 3 5
3836 8427 5 5
4728 5494 2 4
3641 891 5 3
496 496 2 1
4961 2789 2 5
1654 6540 3 1
1629 6694 4 3
3675 2754 2 3
590 2971 2 1
4233 6015 4 3
3453 6159 1 4
3327 2895 4 4
2842 506 3 5
3523 9581 5 1
3138 7089 3 2
4921 8125 5 1
548 2007 1 5
4011 8735 3 3
2447 5436 2 1
4165 753 5 3
629 3266 2 5
1423 2421 5 5
4755 3733 2 5
929 1404 1 2
1706 2042 2 1
388 7836 4 3
1636 9199 4 1
4976 5351 3 1
4308 8631 5 1
526 8130 1 1
932 3341 5 2
2372 298 4 5
1170 9204 5 2
3520 5960 5 1
2580 6012 1 3
682 7540 4 5
3086 5846 1 4
1988 2037 4 3
2689 7708 5 1
4003 6248 5 1
2726 7874 2 2
1917 2256 2 5
4134 4726 3 5
1133 436 5 5
3141 1064 3 1
1551 3455 4 5
581 5668 5 5
958 6886 5 4
2380 2984 5 5
2620 2670 4 2
3698 1703 2 5
1070 2762 5 5
1913 3770 5 4
3613 4786 3 5
227 4015 4 2
450 7077 5 3
30 9605 3 3
1138 1853 5 5
1778 1958 5 3
2360 7443 3 5
607 2805 3 5
3796 887 4 5
2451 4390 1 3
733 162 1 1
4883 5727 4 2
3790 5645 1 1
3802 1056 4 2
4250 955 1 5
1880 6350 5 1
3618 4986 5 2
4688 9821 4 1
4991 9413 2 5
2570 9205 1 2
2425 3513 2 2
2284 695 3 2
825 5654 2 3
1002 941 4 5
2963 6167 1 3
2994 9329 4 3
4371 8521 3 2
3863 7518 4 2
516 466 3 3
580 9816 5 2
2735 1457 5 4
1199 4991 4 5
579 8100 2 4
3714 9776 2 4
4148 8842 1 4
3180 6662 5 4
3564 3637 2 5
1726 1667 1 5
1562 9328 4 3
2160 3116 2 3
608 7477 2 5
3627 5745 3 3
2293 4876 1 1
769 178 5 5
1908 1337 4 4
1502 8060 4 4
3694 2593 1 1
2854 5501 4 4
1489 9816 3 1
2781 395 3 1
2635 7360 1 4
3769 9440 3 1
389 2434 5 2
247 4819 5 4
3706 1566 5 2
3534 6783 1 1
3300 5625 1 2
3010 6066 2 1
1713 3410 5 1
1425 3578 2 2
3006 948 4 4
2884 7327 3 2
4447 3985 4 3
384 6355 4 4
990 6293 5 5
1179 1844 5 3
2627 7395 4 5
487 9076 1 4
12 9151 2 3
3239 7887 5 3
936 5280 1 2
817 7349 1 2
1821 9544 1 4
694 911 1 4
4153 8543 3 5
3810 6488 4 4
2819 9765 2 2
3826 2415 4 5
3848 8831 2 5
3090 2180 2 5
862 4564 3 2
2738 7615 5 2
3079 4508 2 2
498 9334 1 4
4550 4866 5 4
3641 6248 4 3
2539 8447 3 1
314 7257 1 2
910 6910 3 4
2262 5224 1 1
4866 4146 3 1
1740 5891 4 2
378 6119 5 5
1183 5613 2 4
2030 7327 5 3
2292 9791 4 4
3350 2509 2 1
3867 4785 1 4
4465 6378 5 2
1134 5561 3 2
840 4328 1 3
4971 4085 1 3
706 204 5 3
4998 5735 2 4
4122 6109 4 3
447 9837 2 5
3107 1643 2 5
3602 7234 1 5
781 2580 2 1
3332 4431 3 5
2318 4200 3 3
4967 6482 1 5
1296 9255 3 2
4546 7607 2 3
4625 5555 2 4
1394 5307 3 3
3943 8276 3 3
1354 1366 2 4
2783 6709 1 3
1596 3307 2 3
1281 7844 5 1
2725 2587 4 3
4071 758 1 1
3033 6498 3 2
2387 1144 5 4
1255 1139 3 5
3924 6807 2 1
57 7266 4 2
2555 6099 3 1
4343 1296 3 4
1027 6422 4 5
1460 3050 2 4
2097 583 3 4
861 11 3 5
3409 8368 1 4
2817 7442 5 1
1770 3942 1 2
2619 6574 5 4
1498 6824 3 3
4937 7493 2 3
4038 8796 1 5
4403 5563 5 3
1966 9987 2 5
3714 2168 1 1
3055 1623 2 1
4098 2260 5 1
4542 4061 4 5
777 726 2 5
4761 3807 5 5
4685 8803 2 2
4395 6514 2 4
4341 3184 4 3
2403 393 4 2
1326 4788 3 1
4425 1310 1 1
1018 3727 1 1
3767 9467 5 4
4135 3847 1 4
181 3080 2 5
3132 478 2 1
435 9982 3 2
2385 8277 3 2
4794 5960 3 1
4844 4062 2 4
1765 3077 3 1
3462 4339 5 4
3710 2149 4 2
1313 171 3 2
77 8836 4 3
3556 2287 5 4
4124 2572 5 4
3317 1514 3 1
2295 9289 1 1
1814 830 5 1
1490 5135 3 3
2653 9492 5 3
4164 6131 1 3
4209 8932 2 4
752 472 3 5
993 9763 5 4
4526 270 5 2
550 6896 2 3
1016 8465 5 4
3978 8798 2 4
2464 3186 1 2
1059 3872 1 2
2172 4619 1 4
2191 68 2 2
169 1004 4 1
3950 9849 3 5
4157 5214 4 4
2006 71 2 5
1629 4287 2 3
4080 2308 5 2
3464 766 5 1
417 1746 3 1
1375 864 2 1
356 8140 1 5
1677 7857 3 4
3964 7860 4 1
1073 8603 4 1
455 5566 2 4
3166 1649 5 4
1698 3896 5 4
2380 958 4 3
4549 7385 3 2
2621 9804 5 2
3832 6133 3 5
2368 923 1 3
3245 2932 2 2
2290 2638 5 4
3267 8332 3 1
4645 926 4 5
4156 1274 1 2
539 666 4 5
3400 1085 5 1
1004 8673 4 5
802 673 1 4
1655 1314 3 5
4823 8292 1 5
4609 7914 4 4
4594 8173 1 1
4419 7812 5 3
4449 7563 4 1
3118 4361 5 4
2517 732 3 5
1023 8197 5 1
3244 9335 1 3
3625 7962 2 4
3067 4326 4 3
1069 5715 1 1
1639 7791 1 5
1076 1356 4 4
1044 1391 3 3
4794 3726 3 4
1531 6464 1 1
2213 5026 4 1
4676 3457 3 1
4586 6152 2 2
1972 4478 1 4
2917 9330 2 4
360 8820 2 1
1273 7891 4 3
2177 8173 3 5
1600 2674 5 2
3065 4881 3 3
517 6577 4 3
527 9727 1 4
4529 4362 3 5
1591 6873 1 3
2382 6474 1 5
2324 7261 4 4
4968 7246 1 4
1064 4447 1 2
512 9131 5 2
4429 9217 5 4
1789 3782 4 4
328 7784 2 3
2129 3830 3 5
546 2442 4 1
4844 7158 4 1
803 8470 3 2
3801 3120 3 4
1168 3680 3 3
3731 2075 2 5
4930 5170 2 3
4500 8081 2 1
261 9784 1 1
3471 8220 2 5
3345 7008 1 3
64 5891 1 2
4785 5134 5 4
3605 1063 3 4
3116 8695 1 3
3388 4220 3 4
2002 6452 4 1
2336 9542 5 1
3275 677 3 4
3284 6411 5 4
772 7531 2 5
4297 8330 3 3
3513 7018 1 2
619 5393 1 3
923 8616 4 4
4079 5689 4 3
3183 3540 1 2
4976 538 5 1
4035 2250 1 4
290 6081 1 4
1549 1557 1 3
3475 2513 5 5
565 5773 3 5
731 3201 3 4
3371 5391 1 4
2964 9838 5 2
1044 8448 1 2
2264 2158 1 4
1858 1686 1 1
2100 1550 5 3
3661 4784 3 5
3993 8621 4 3
2006 7379 1 5
3609 9617 2 5
4033 4606 1 2
3382 2253 1 1
1970 2194 1 5
1872 616 2 1
2700 8093 5 2
3357 6470 5 1
1925 9539 1 1
4578 4611 1 4
4609 2352 5 3
2302 45 4 5
1119 7615 4 3
4115 159 4 2
4126 6908 4 3
1689 5134 3 4
2337 6363 5 2
487 8672 1 1
512 874 4 3
460 2642 3 2
128 863 5 5
511 6197 2 5
1553 9138 3 4
2136 9936 2 5
3149 2011 2 4
341 3834 4 1
2354 3644 4 3
3143 1515 5 4
1189 7934 3 2
2066 7152 2 4
3145 6919 2 1
3427 7437 5 2
4724 2290 1 1
3062 7897 1 1
770 9179 4 4
347 5253 3 2
1594 9404 4 4
3278 9150 3 2
3034 8283 2 2
2860 2925 4 3
2607 6510 3 1
2203 7142 2 3
3160 8637 2 4
1945 8149 1 4
3776 6563 3 3
2857 8959 4 1
3621 373 3 2
1649 790 5 5
3650 3433 5 1
287 2029 4 4
333 1434 2 3
4791 4002 1 4
283 6038 1 4
2498 8208 5 2
4291 2774 3 1
1782 3335 1 1
3384 250 2 4
1140 229 3 2
831 8155 4 1
1079 9146 5 2
2592 9632 5 1
3920 7069 2 4
4922 7626 5 2
481 8699 3 4
4475 6845 3 1
3537 9318 3 5
3736 1687 5 5
416 8369 2 4
4001 1362 4 3
4216 8623 2 5
3125 571 1 4
4635 5957 3 5
1401 19 5 5
4668 3632 5 4
2660 8600 4 4
3485 8800 2 3
81 8373 1 5
3498 3083 4 2
1827 8556 1 2
2257 5404 1 4
2711 600 4 3
2116 5810 1 5
2205 8016 3 1
3408 7880 4 4
3127 7170 3 2
126 2448 4 2
502 6961 4 3
1182 7981 2 4
4290 32 2 2
2921 4122 2 1
1069 8077 1 5
2979 7990 3 2
2580 1513 3 3
1981 1965 5 3
4463 6157 1 1
2069 3325 5 2
1678 1632 3 5
2877 7904 5 4
2991 1090 4 1
4540 2787 3 3
2150 9618 5 5
792 8978 2 1
2567 3719 1 5
3522 885 1 1
1258 7531 5 5
2718 9058 4 1
74 3017 2 5
2902 7511 2 1
3565 3126 5 5
1052 1601 5 4
2660 1029 4 2
957 8511 2 3
3021 2373 2 1
715 8872 2 1
945 6256 1 4
1883 4280 4 1
3703 6173 5 5
3887 8837 4 2
4933 3272 3 1
891 8233 4 4
303 8920 5 2
3896 2203 2 5
4229 4428 4 2
4354 5183 2 4
678 2737 3 5
787 2386 2 1
2829 7691 2 4
2962 9439 3 4
4179 4575 5 4
3389 2189 3 3
3308 3217 4 3
4200 591 1 5
1664 7074 5 3
4730 1115 4 3
4403 9569 2 3
4504 7829 1 4
1202 9834 2 5
1011 9358 3 5
1288 1887 2 1
1239 5413 1 3
1243 9621 1 1
368 7057 4 5
3313 9627 3 3
3728 5539 2 5
2687 6526 5 4
2942 3467 4 5
2677 9 5 4
2711 171 2 4
4896 4355 5 1
706 6925 1 5
3276 4348 2 3
4944 6681 2 3
1603 2918 2 5
3193 8701 4 1
4355 6992 5 3
3581 3220 2 4
3788 1900 4 5
4413 7558 4 3
953 705 5 1
3693 3262 4 1
3090 9720 5 2
4210 7241 3 4
2117 3887 1 1
3554 3307 5 3
2603 5839 2 3
1698 702 5 3
703 8802 4 5
1032 4158 5 5
1939 9075 1 2
3158 5123 5 1
4505 696 1 4
2001 303 1 5
3071 4477 2 5
2590 2659 3 4
730 1944 3 2
3051 4769 1 5
1922 2586 2 1
3854 1714 1 4
1205 2662 2 4
1482 3645 3 5
4061 8871 5 2
765 3492 5 2
2718 5272 4 1
21 8292 1 2
439 3803 3 5
2758 4762 3 4
3712 8150 3 1
898 9968 5 5
4420 8147 2 1
819 3115 2 4
4194 9882 5 5
4087 138 2 5
1971 6368 4 5
565 2951 4 5
551 1731 5 2
850 8445 2 1
3296 6042 1 5
4579 4274 3 4
2078 3925 3 2
2032 8296 1 5
2332 9026 4 3
988 4856 3 2
3294 3298 3 5
871 8797 5 5
2420 9740 4 2
2007 1878 1 5
2902 7522 1 5
2909 1888 4 1
457 5343 4 2
100 631 3 4
1964 1949 3 3
373 3907 3 3
1824 579 5 4
1228 1131 3 5
4327 6339 5 3
4113 6006 3 5
675 1236 2 1
933 8005 5 3
4977 3417 1 1
3662 5480 4 1
3029 5876 5 5
3503 4472 4 3
406 4910 1 5
458 5092 5 2
3164 216 2 5
4111 2157 2 5
2787 5464 5 2
472 5170 2 4
523 2509 3 5
3490 2301 2 4
3605 3853 4 5
4473 5018 1 3
2617 4214 2 2
3186 7467 1 1
1465 515 3 2
2843 8718 1 4
613 6402 3 5
4352 8505 4 3
1179 2839 3 1
3928 4440 4 2
4327 53 4 3
3760 8185 4 1
4350 1820 3 3
269 5209 1 1
806 5909 5 1
2207 5979 4 4
4409 277 5 4
2359 4660 5 2
2356 6319 5 2
2252 5375 2 2
3597 7014 4 4
1112 8715 5 2
2312 9475 3 5
2727 386 3 3
332 3896 1 3
4278 719 5 2
3519 7156 3 1
1266 8190 3 5
2602 2346 4 4
531 6962 1 3
3218 5420 3 1
2903 546 4 4
2221 7116 1 2
3918 609 4 3
3883 1774 4 1
4982 1172 1 3
1759 7488 2 3
2225 3866 1 1
4643 4998 2 3
2772 8947 1 5
3031 3420 2 2
2015 9258 5 1
516 5195 2 1
3183 2122 4 5
4805 8766 3 3
1316 4735 3 1
4867 7731 4 3
3339 8581 3 2
1000 8256 4 4
3757 5417 4 5
306 9924 5 4
1023 5711 4 1
2238 1333 3 4
3034 671 5 3
4201 6046 1 3
2314 6352 4 4
2304 4465 2 2
4941 490 1 1
207 214 4 2
2962 4342 3 1
2838 9842 4 1
256 6546 4 5
1296 8633 2 4
2493 1820 2 5
3142 6513 1 4
3502 2389 4 4
1302 4138 5 5
4240 4004 5 3
1923 6448 3 3
1497 3452 2 3
1043 7273 2 4
4547 6661 4 3
1587 8387 1 1
388 8210 4 2
1174 7483 1 1
744 845 3 3
3647 888 5 1
2170 2972 3 4
123 8687 2 5
2674 167 3 5
4277 6269 5 5
2240 6305 2 4
1894 4625 4 3
2735 2644 1 2
1766 310 2 4
1641 8931 3 2
3809 7799 2 2
3983 7591 1 4
1930 198 3 5
3252 8567 3 1
1596 2829 3 5
2736 6186 1 5
3248 4483 4 5
1707 1179 2 1
4489 6178 3 4
1884 5496 2 4
2847 9320 3 2
3943 1143 2 1
1986 8064 5 5
2125 1174 5 1
2829 5333 1 5
3256 3834 1 3
6 4111 2 2
4804 5904 1 3
2612 7385 4 2
4264 9993 3 2
4028 3938 1 2
2556 400 2 1
2867 3582 5 2
3708 9954 4 4
2033 177 1 2
3041 2625 5 1
5 6477 3 5
3235 8614 1 3
1276 2987 4 4
1693 9894 5 5
1738 8282 1 1
4118 9109 5 2
4643 9535 3 3
1080 4954 4 2
716 1098 1 4
4856 1749 2 2
2368 9269 5 5
4581 8368 4 2
3325 8616 2 3
3863 1858 4 4
697 3168 2 2
4061 9061 3 5
79 6435 4 5
4092 9889 2 2
4579 2066 1 5
217 8294 1 4
3455 4498 1 3
3178 9165 1 4
1166 4034 1 1
1548 7031 1 2
1733 7469 2 1
3679 5263 3 4
3665 5622 3 4
1958 5806 3 1
152 6825 3 4
2995 7116 3 5
575 5718 5 3
1375 8791 4 4
3130 629 4 2
2946 2446 1 2
4034 4980 1 1
393 5838 2 1
1331 8278 4 5
2697 2166 4 4
3942 5757 1 1
2274 8294 4 1
4461 4725 3 3
3585 4568 5 3
4774 9025 4 1
2432 39 1 4
4159 9180 4 2
673 3159 1 5
4458 1049 5 2
4672 6723 3 5
724 8707 2 5
1637 1122 2 2
74 1088 2 3
564 4586 2 5
1883 8723 2 3
941 3417 3 1
2233 4218 3 2
470 8544 2 2
3625 5164 1 1
3143 4875 2 4
2982 6510 1 4
548 3990 4 3
1357 9700 5 3
1558 4328 3 4
4273 9664 1 5
4104 3477 1 3
4321 2892 3 3
3883 9339 1 2
2924 2814 1 4
3402 7364 1 5
3532 1790 3 1
3059 9513 4 3
4589 9165 3 4
1321 6033 2 1
4463 8838 4 4
4088 7580 1 3
197 1250 1 4
4307 2784 4 3
2287 836 3 1
174 3630 3 5
1397 9513 4 3
2773 9766 4 3
4302 2938 1 4
259 1592 1 1
1421 1781 5 1
2283 4833 4 5
2834 3000 5 4
3315 5194 3 5
2354 2465 3 1
1116 1588 3 1
2263 5895 4 3
3744 8428 3 1
105 4074 1 3
4454 8928 2 3
964 3752 1 5
4473 6147 4 2
4306 2850 2 1
2219 8638 1 5
2267 9302 3 2
3865 9974 2 4
2024 4145 2 2
1537 6635 4 3
194 8134 2 5
2140 1548 2 2
2199 6901 2 5
2770 5423 4 1
2362 1818 2 2
896 4453 1 3
4299 3117 5 1
4876 6334 4 1
2234 240 5 5
894 2468 1 4
4684 5384 3 3
403 2829 3 3
2323 7083 4 4
768 8389 2 1
753 1079 1 1
3706 8488 1 1
4364 880 1 1
1674 2275 4 2
3829 1728 4 5
2279 2613 2 5
4848 1990 3 1
190 7926 1 1
4502 3181 2 4
835 4550 5 1
2715 8931 1 5
603 7622 1 5
4675 9126 4 2
869 1333 2 1
1661 8760 2 2
3343 4039 3 3
3610 8739 2 5
1645 409 5 5
4670 210 4 1
3916 8999 5 4
4062 6748 1 5
4040 4207 1 1
1483 3970 3 5
4004 700 3 3
4719 7454 3 2
3932 3416 1 4
1813 8953 4 1
3976 7167 5 4
1957 9734 3 1
1971 7245 2 4
607 8511 4 5
4606 1909 3 5
4682 8579 1 4
997 2834 3 3
893 2186 4 5
4676 5722 3 2
2728 1763 3 5
4504 8668 4 1
3590 2874 5 4
2392 3904 3 3
1242 6426 1 3
4630 5811 1 1
3998 7183 1 4
1453 6608 1 5
4186 5887 4 4
2278 4074 4 1
3474 7053 5 1
479 3173 3 2
4799 7259 4 5
1535 8026 5 1
2605 699 5 5
3653 9041 4 3
2464 4246 2 5
4160 665 1 3
3859 9350 4 5
1261 2886 2 2
73 43 1 2
4035 894 3 2
796 2707 1 5
874 7880 3 4
1063 7642 4 1
4154 7385 3 4
3368 2721 3 5
2803 6824 1 3
3434 2368 5 3
1631 3257 5 3
2982 9618 2 4
3749 8339 3 5
2990 555 1 3
3970 5789 1 3
4255 5021 2 3
922 5320 5 5
3844 8843 2 1
1050 1872 3 5
745 9564 3 5
3951 171 5 2
363 8685 5 5
2237 8492 2 2
1756 7279 4 3
1299 6976 3 1
2910 7724 1 4
4798 7045 3 1
3305 1767 1 3
969 8690 5 2
3688 6574 1 1
2533 4675 3 5
977 1940 2 3
4458 8013 3 3
2868 6082 2 3
1564 8646 4 5
207 6498 3 2
2594 2650 3 2
4612 6350 3 3
512 9253 2 2
597 6813 4 1
2413 2379 3 1
4230 7507 3 1
3077 2322 1 4
4410 5579 5 3
4115 3939 4 4
144 991 1 1
122 4622 3 1
718 1831 1 4
2105 6399 4 2
1953 2727 3 1
2524 5590 4 2
585 5551 4 5
4745 4456 4 5
2724 8605 1 3
1613 5389 4 3
3610 8682 1 1
2541 7754 3 5
240 8366 5 3
1978 5681 5 3
616 7282 3 1
869 1385 1 4
4995 1597 2 2
3493 12 4 3
4347 8809 3 2
3281 9744 2 4
4055 1818 2 2
3749 1978 4 5
4630 1724 5 1
1555 9958 5 2
777 1068 4 5
540 4202 2 5
1506 8390 2 5
4067 6322 4 4
4070 9197 5 3
587 5511 3 1
3618 3829 1 1
1893 9625 2 3
347 9767 2 1
1985 6637 1 4
2513 5108 4 2
715 3178 5 5
1188 7724 3 2
1618 9585 2 1
1707 5427 1 4
2526 4266 2 3
2017 6433 4 5
1535 9076 3 5
2092 1544 1 3
2361 671 3 4
4198 398 1 1
4992 4641 2 2
34 2924 1 3
3595 3148 1 1
4790 8393 5 2
3735 4216 1 1
2880 2012 4 1
1341 2457 4 1
1427 8236 2 2
1439 4817 4 2
3870 6841 5 3
4995 8940 4 5
3667 5386 2 3
4801 2975 4 3
2493 3731 3 4
3094 3432 5 5
834 1463 1 3
3140 8124 4 3
2483 5566 5 3
2253 5112 3 1
249 6754 4 1
4865 3108 3 3
3420 1313 2 2
2373 1140 2 4
1301 3957 1 5
1041 8459 2 4
2013 1862 2 5
3487 6535 1 4
1644 7024 4 2
66 3042 4 4
2178 127 1 5
633 2074 3 2
3016 6482 2 5
2471 5662 3 5
3762 7169 4 3
1852 7878 1 4
2451 9551 1 3
1297 7753 2 4
3940 2009 4 5
2041 1572 2 1
4027 5775 5 2
719 3394 1 5
282 9467 2 3
3673 5438 1 2
2494 1278 4 4
4515 9292 3 4
651 589 4 3
1080 9081 3 1
2428 3734 2 4
3564 5179 3 4
2323 8723 1 1
2080 3225 3 5
2251 1527 4 2
410 1270 1 2
929 6509 4 3
2795 3012 3 1
3373 7452 4 2
1316 2005 1 4
364 3529 5 3
3377 3516 3 1
2522 777 3 3
1024 5242 4 2
875 5497 4 4
4255 2167 4 3
4810 4537 5 2
3271 699 5 4
2114 8805 2 1
1161 6205 2 4
3491 7037 2 5
1139 1220 2 3
3359 867 1 3
1517 9166 1 2
1852 9617 3 1
158 4440 4 3
1623 9682 3 3
2943 7776 2 2
2407 6168 1 4
3694 4839 1 3
2853 2499 5 5
833 9823 1 3
4720 6306 3 5
373 3137 3 2
1410 9840 5 5
3808 2498 1 2
4333 3479 5 4
4159 649 1 3
1574 9502 2 3
4663 4167 1 5
236 5804 5 1
4471 2836 3 1
1338 4774 1 1
3636 2049 2 3
2764 2248 1 2
1449 2160 4 4
831 645 1 1
2406 1050 5 3
3427 8288 4 3
562 1718 4 2
3246 8030 3 2
40 6817 5 3
4532 1701 5 1
1931 7334 5 3
3989 8875 4 2
4963 6277 5 4
2282 4584 2 3
3151 139 5 2
4085 3584 4 5
200 6268 2 5
3985 3319 1 1
326 9442 4 5
4158 3877 1 5
77 9503 3 3
2043 7605 1 1
3872 9900 2 3
1742 9750 3 2
3009 8025 2 2
672 4782 3 1
2112 3183 1 2
3530 2057 1 4
780 5812 1 3
1708 2345 4 1
1122 9227 4 3
4488 1242 5 3
4634 2967 5 1
3875 4809 2 1
3996 3243 3 3
2650 5305 2 4
558 4205 2 3
3275 8552 3 5
3889 2775 3 4
2009 4140 1 2
3554 739 2 3
2774 6511 4 2
4877 1352 5 3
3328 865 1 4
2535 4430 2 1
1491 8010 1 1
392 4943 4 3
4542 9272 5 4
6 1990 1 3
4251 7886 5 5
4619 7697 2 3
4281 5231 2 2
4831 5984 3 2
1997 5672 2 3
307 927 5 5
100 7675 3 1
4833 6944 3 5
2415 4875 4 3
1286 9739 5 1
2485 3639 3 3
4811 23 4 2
2848 687 5 4
807 7982 4 1
2828 1905 2 3
4424 7800 2 2
1337 9918 4 3
4828 7717 4 3
678 1153 5 1
588 6540 3 4
3613 2996 2 5
489 9196 1 4
551 2685 1 5
243 5451 2 2
2685 1384 5 3
4550 4795 5 1
2974 8917 1 4
2728 6037 2 2
4516 7182 1 1
3189 2186 4 4
2436 8606 4 3
2029 1066 5 5
1225 6931 3 1
863 4111 2 4
1514 3450 3 5
4743 8798 1 5
2990 2701 5 2
2443 5179 5 5
1893 7275 3 4
4171 3639 4 1
285 1731 2 2
2921 4356 5 5
3903 4774 4 4
1786 8531 3 5
616 4348 1 4
4764 1755 3 2
4515 999 1 4
2319 8435 5 3
83 510 4 4
2433 7483 3 2
1128 2241 5 3
386 5785 3 2
67 7296 5 5
4525 4008 2 5
2504 4138 3 5
1287 3619 3 2
2064 2368 5 5
4926 3634 1 2
2938 1641 4 4
3713 3323 5 4
309 6783 4 5
395 200 4 3
2169 3205 3 4
3412 306 5 1
1337 8406 5 2
1020 1623 3 4
1632 2579 3 1
2951 3222 5 4
3 5475 4 1
2838 3944 4 1
3574 2046 4 2
1176 6584 3 3
2495 4881 4 4
3252 2195 3 5
2387 9516 1 1
1369 8712 4 2
2093 3391 2 5
3667 142 5 3
1094 6809 5 3
1697 3389 5 5
4135 7127 3 3
4661 368 3 3
4942 5004 3 2
1858 1975 3 4
2683 8913 4 2
4528 7647 4 1
2228 5650 3 4
4520 5357 4 4
1242 1654 2 1
1011 6631 3 1
817 683 3 3
1329 9899 2 5
4406 1023 1 4
4335 7920 5 2
1785 4902 1 2
129 7214 5 2
4434 2008 3 1
4319 459 2 1
571 7329 3 2
3614 8883 1 4
4953 2559 2 5
240 3027 1 3
3964 2683 4 5
4948 6583 1 5
4295 5486 5 4
2973 2456 4 4
4892 3134 1 4
1009 2721 2 1
2640 6969 1 3
4998 2210 2 4
1778 1647 2 2
4439 8482 3 4
2786 5456 5 4
1235 1539 5 3
1733 4467 2 2
114 2493 4 1
209 1075 4 4
2933 9569 2 5
608 6119 2 1
2300 8311 4 1
1883 6004 4 4
3771 5824 1 1
146 4263 3 1
3378 1162 1 4
1119 7074 2 5
3322 7294 4 4
1706 169 4 5
4240 4441 5 2
222 4828 5 4
326 253 5 1
2258 3980 1 1
2571 2026 5 4
4550 2160 3 3
4727 3016 2 2
1593 1565 1 1
3003 9072 2 4
1950 2401 3 3
1327 3440 3 4
3710 6963 5 2
4495 6894 5 5
4527 5433 2 5
4225 7444 1 1
4505 2260 2 3
666 7218 1 3
4810 5910 5 2
4675 5284 5 4
1124 7891 5 1
2393 9284 5 2
2358 3168 2 2
306 3728 3 5
2994 8108 3 4
2663 6110 2 3
1010 2341 4 1
3813 6668 5 5
2280 7483 1 5
3384 444 2 1
1806 5538 3 3
4633 9459 2 3
3784 8490 2 2
2300 5133 4 4
3737 5064 4 3
866 6142 3 4
1813 6089 3 1
3266 8827 1 1
2182 6535 3 2
2997 8221 5 2
3356 1466 4 1
3300 4301 4 3
4682 5932 5 1
1037 4152 4 3
120 3032 4 4
929 7975 4 4
2255 1293 5 1
4757 8745 3 4
105 529 4 4
2415 5476 1 3
704 63 3 2
2108 2686 5 3
2859 5278 1 4
1627 8154 2 4
4723 3660 5 5
1203 2341 3 2
1435 2730 5 4
4103 316 1 5
190 7191 2 3
4939 2282 5 3
3780 286 2 1
4220 6980 5 4
320 6852 4 2
4597 2040 3 2
2385 5094 5 2
2705 1663 2 3
4427 5692 1 5
3987 9441 3 3
4864 7507 4 5
2244 4933 4 3
892 2908 5 1
2474 3840 2 5
4467 2810 2 3
2237 5290 1 2
491 523 2 5
4982 6393 3 5
1950 848 4 5
2891 3922 2 4
3415 1694 5 1
2767 1591 1 3
2201 4197 5 5
4743 8951 2 1
4737 4268 5 5
330 3927 5 3
2388 6999 2 1
460 6471 5 4
4083 6673 5 2
4132 1032 5 2
2615 6985 1 3
2968 3750 3 3
4009 4620 3 5
4274 3988 2 2
494 6197 2 1
1334 2008 5 1
4341 9195 3 4
114 2708 5 3
4847 1160 1 3
2455 5366 1 2
4993 5897 1 5
4942 4854 1 1
525 5742 2 2
3875 2446 3 4
820 9094 2 1
901 2997 4 1
2078 7505 4 5
1435 8171 1 2
2034 3609 1 2
4231 3252 3 5
4497 7613 2 4
29 7793 2 1
3443 6561 2 5
4779 900 1 2
4203 7314 2 1
2743 4783 3 5
4196 5530 2 4
4391 8339 4 4
2976 9607 3 4
3700 7704 4 3
2132 1285 2 2
1093 3165 4 1
240 324 1 3
2554 6007 3 2
768 9033 1 1
3686 6729 5 2
3168 2623 5 2
164 7051 5 3
4168 1006 5 1
2085 5957 1 3
3140 2987 1 1
4497 6141 3 1
2587 5249 1 2
989 8952 3 5
787 5210 2 1
1131 80 4 1
543 4915 1 3
436 2240 5 4
2613 529 5 3
3335 3436 3 1
4342 5606 3 1
2279 265 5 4
2738 1032 5 4
556 4537 5 2
4726 9462 4 1
851 7369 4 4
3949 6025 1 3
4730 5905 4 5
756 809 5 4
537 7789 2 4
4411 245 3 5
2391 2630 2 3
1046 9595 3 2
3482 2042 1 3
4033 1877 5 4
3891 5851 3 5
3330 4486 3 4
1138 7573 3 1
3909 8581 1 2
605 3169 4 2
1382 1399 4 5
1720 7826 3 1
4851 4029 5 4
4940 4714 4 4
4600 2152 3 1
4863 8570 2 4
3575 3609 1 5
3389 6984 1 5
4191 8767 5 1
3296 3867 2 4
3948 2373 2 4
3544 569 3 4
1360 8600 4 2
3585 342 5 3
1976 140 2 1
3562 4352 1 3
1560 9548 4 5
1707 668 4 1
1520 9796 5 1
183 3409 4 2
1005 4186 3 5
2264 5530 2 5
2835 6188 5 2
270 9488 5 2
4518 5639 2 2
3153 9385 2 5
4591 2854 5 5
3131 5899 2 5
42 8173 4 3
1852 958 2 5
3573 2310 2 4
899 476 1 1
3057 4721 2 2
2053 7054 1 2
4954 1252 2 4
3575 5475 3 4
1824 1901 1 4
1429 4950 4 1
3630 8900 4 5
4688 9038 5 3
1880 3186 4 4
120 9689 1 1
471 3994 4 5
4734 767 3 2
1334 7185 1 3
1067 7200 3 5
3050 3225 5 3
1132 8355 1 4
770 8886 2 1
4288 5048 1 5
4521 8252 4 5
4510 2945 1 1
65 2102 4 2
4651 2751 1 3
2988 121 1 5
4238 1852 3 1
369 8159 1 5
1603 3732 5 2
992 6447 1 1
4696 2392 2 5
2247 9912 1 2
1331 3451 5 5
1786 85 4 2
968 1150 2 2
4654 3870 1 2
3801 825 3 5
3636 5529 1 4
3960 3288 4 2
1600 7975 4 3
713 5418 3 3
2752 1389 4 4
1269 9120 1 1
1495 2110 3 1
1467 9133 1 1
2331 776 4 2
2032 3061 3 4
518 1217 2 2
3318 7635 4 2
4512 4515 5 1
1818 9700 2 4
905 7780 4 3
3456 7402 3 1
4089 1829 3 2
2445 9163 5 3
190 2638 5 4
137 5856 5 5
186 8740 1 3
4220 4278 1 1
1029 7855 3 5
2628 9952 1 2
890 4710 3 4
1936 5188 2 3
3913 990 1 5
3423 430 4 4
4585 8266 1 4
1272 1862 4 3
4858 2859 2 3
1405 4123 5 3
4416 4090 1 2
4639 3863 4 4
2426 8234 3 1
4332 2610 5 4
438 146 3 2
1004 3311 5 1
3085 1598 4 5
2860 5113 2 3
4602 4841 4 5
4352 4224 3 2
1229 798 3 1
1704 4178 5 3
2162 4411 4 4
3861 5731 5 2
3665 4763 2 2
4938 6453 4 5
647 4870 4 5
4547 3154 2 1
1976 8817 2 4
1497 1642 1 4
3026 9356 2 2
2544 1717 4 2
3240 548 3 4
3500 3078 3 5
3974 3003 5 4
3078 1854 5 1
336 1277 4 2
1460 9122 1 5
4239 4644 2 2
3180 421 3 2
484 1456 5 4
2267 4638 4 2
3820 4565 5 2
3209 8125 2 4
4701 1384 1 2
253 1748 1 5
3196 4049 2 2
2235 8537 3 3
4997 4797 2 3
4717 9680 4 4
2123 6542 1 1
2333 4786 4 3
3085 8517 4 4
133 7693 3 4
871 8214 5 4
3376 5013 1 4
4905 5066 1 5
2373 8291 4 5
2416 7200 5 5
993 7417 2 5
2967 9967 3 4
3830 498 2 5
4356 2277 3 3
3645 7272 2 4
1169 3488 4 4
890 2674 4 4
4937 5740 4 1
1579 9686 1 5
4827 4856 3 4
2677 8157 4 3
217 2337 5 4
4805 1744 3 1
2616 1181 5 4
1927 5117 2 2
429 9741 3 3
4714 5615 2 5
236 8406 4 3
3282 3119 5 4
2728 9426 3 3
585 9557 4 4
369 6052 2 3
585 7044 5 2
3393 3920 4 4
4767 9155 3 1
3780 1696 3 3
2408 5728 1 1
2577 5852 3 4
2705 2356 2 4
4204 6147 1 5
1596 9070 1 5
1495 7653 4 2
3404 1490 2 3
1593 8369 5 5
2049 9621 5 5
2737 3617 3 1
2987 8310 4 3
2229 7778 2 4
3424 5571 4 5
1612 3821 2 1
2656 4900 3 5
1635 2899 4 4
1260 4780 4 4
4198 2203 5 3
256 5914 5 3
1846 2719 2 1
4145 251 1 1
2036 2745 1 5
3823 5952 4 1
4426 4387 5 1
4584 4907 5 4
3555 8249 1 4
2081 693 2 4
1706 5219 5 1
2735 8776 2 5
761 4768 5 5
360 6812 1 5
600 8369 1 1
1638 315 4 1
4282 9871 5 2
282 610 1 2
2915 8981 3 1
3879 8900 1 5
1834 9772 5 3
3292 8534 2 4
3452 4910 5 1
2613 6087 1 2
2979 8584 4 4
4597 7103 1 3
3042 6182 4 2
2541 7170 2 5
3471 1575 2 2
55 7107 1 4
1009 9465 4 4
2776 7766 1 1
3175 7554 5 3
2329 8536 1 1
2359 6896 3 5
2033 7714 5 1
4644 1697 3 5
4402 5848 4 1
2657 3610 5 1
688 9104 2 4
3329 414 2 1
4475 3843 2 2
369 6649 2 3
2181 2025 3 2
1861 350 2 2
3099 9468 2 1
1539 1421 2 3
262 4761 2 4
2588 5456 5 3
4649 562 4 1
3606 1267 3 1
1646 658 3 4
504 8283 5 4
3875 2896 5 1
2158 1105 3 3
2933 7469 2 1
1462 529 3 2
545 2966 2 5
2116 7107 5 4
3883 5109 3 5
1696 4084 3 1
3490 4706 1 1
2906 7262 4 1
2366 8170 2 4
4349 7892 5 5
429 2147 5 3
4627 7974 2 4
1542 7160 3 4
622 1780 4 5
3243 9598 5 2
3430 5667 2 1
1919 6700 5 2
2296 9134 2 3
641 423 1 1
4199 3165 4 1
162 3354 4 1
2567 5582 5 1
2590 9322 2 2
2495 7899 2 5
2300 2886 1 5
1010 3694 3 2
2059 5192 2 2
4178 1398 2 5
2376 1957 1 5
3769 51 1 2
4686 5431 3 3
1665 8396 2 4
641 4558 4 2
4126 1771 4 2
3481 447 3 3
922 8885 3 4
421 4258 4 5
2154 7998 1 2
1715 5866 5 4
2131 1240 3 3
2899 1818 5 3
1794 5456 4 1
2951 1309 3 4
97 9877 3 1
2067 837 5 5
4418 527 2 2
3196 176 5 1
708 3722 4 4
2770 5052 1 5
254 7689 5 4
4499 5554 3 5
2716 8511 1 5
4674 9657 5 5
92 142 1 4
159 9481 4 1
1601 3436 5 5
4244 218 4 5
3953 7554 3 4
1554 9572 4 5
4041 6335 5 4
2996 6123 3 4
3133 6070 2 4
2776 9988 5 5
1712 7273 4 1
3745 5371 1 3
1462 6319 2 4
2945 8406 3 2
2371 2685 1 1
4404 7026 4 3
1548 9668 1 5
4828 9982 4 2
3628 4904 3 3
138 5904 1 2
1112 2450 5 5
428 3813 2 3
3249 3500 4 3
263 3250 1 2
1459 2045 2 2
1014 9679 3 5
2291 650 3 3
3277 4177 5 5
3313 7298 4 4
556 8988 2 4
1244 9423 2 2
1336 3303 4 3
2674 8914 5 4
4297 3823 4 2
2236 693 5 1
2435 6100 5 1
1699 6704 5 3
2846 2070 2 5
747 5042 1 3
4173 7837 5 2
3375 7927 1 3
875 7734 5 4
4214 6562 4 2
1331 7061 3 4
1883 3780 1 5
2925 2694 4 4
3868 8837 1 4
3337 1273 5 2
4600 851 5 1
4293 7296 4 4
1929 4428 1 4
744 5109 2 3
4444 3153 3 3
2924 2355 2 2
596 3600 5 4
2437 9446 1 3
148 64 3 5
3680 2201 3 1
3314 6210 4 5
660 320 2 1
1737 8090 3 5
222 7037 2 1
318 2575 5 3
1010 797 5 2
430 4612 1 5
3407 7101 5 2
1656 7181 1 3
3750 4938 3 1
1514 9793 1 2
3415 3206 3 4
2890 4616 2 4
2707 2567 1 4
3590 1326 3 2
4213 3940 4 1
560 9002 4 5
1970 1215 5 4
504 9898 1 4
1552 5557 3 5
87 8289 4 3
428 6812 1 5
4069 6363 2 4
151 9469 5 1
4236 4680 1 2
2948 9648 5 4
4773 9829 3 2
2693 55 1 3
4172 8227 1 5
2520 3016 4 2
4690 9268 5 5
4369 8053 1 4
1367 1157 5 5
402 9008 3 1
4419 283 2 3
169 4541 5 5
1384 939 4 4
1978 5121 1 2
2194 734 2 2
4394 4129 1 1
2643 9963 1 4
4485 5692 4 4
2987 9448 2 4
1994 1823 3 4
1381 2880 3 4
4001 5556 1 2
3145 3075 3 3
3602 5859 4 2
2911 6757 5 3
1225 5029 2 5
2239 4639 3 5
3231 9737 3 5
1309 9794 3 1
2675 6000 2 1
4537 8532 4 4
2195 3325 5 1
41 7357 3 2
1193 7611 1 4
1125 5699 3 5
2718 561 4 5
178 3884 5 3
4942 1686 4 5
109 4072 3 3
3698 4013 3 4
685 9830 1 2
3720 973 1 5
3336 5957 5 2
3259 6343 1 4
114 8838 2 1
262 9932 5 1
2002 4315 3 1
4164 176 5 5
3 8897 2 4
4935 4081 4 4
19 5544 5 4
944 8819 2 2
3828 6015 2 5
2973 1303 5 5
2809 4280 1 2
2228 237 2 3
4567 7104 1 5
592 9051 3 1
2297 4207 4 4
1513 1215 5 1
3615 829 5 2
1066 7794 2 4
1037 4486 1 4
2362 5346 1 2
1225 2909 2 2
980 8419 3 4
1313 2642 2 3
1929 1641 4 1
1235 5204 3 3
1499 7399 2 3
942 4055 1 4
4700 2604 1 1
2757 3336 3 4
877 348 3 3
1495 7073 1 4
4357 6372 4 1
788 2206 3 3
4802 8147 5 1
1101 1257 5 1
1931 8568 2 5
952 8943 4 2
4646 884 5 2
3979 8078 5 4
2225 7072 4 4
4639 3651 1 5
899 252 1 3
754 8474 3 3
3521 9061 3 5
4002 1600 2 4
1242 651 5 1
4364 8716 4 2
2894 4978 5 3
4315 9809 2 1
31 4326 3 1
1400 37 4 5
4549 1691 5 4
1645 1402 3 3
1026 3985 4 1
1350 3337 2 5
4158 3170 2 4
1490 7509 4 2
918 1807 3 3
922 1557 3 1
1624 3276 5 4
2339 2451 2 4
3218 8537 4 5
937 1479 4 1
2324 1186 4 4
4347 4515 1 1
3161 5286 3 5
3422 9654 5 1
1465 7160 4 4
4805 8952 3 4
3745 1858 3 5
1668 2813 5 4
2000 6698 3 2
607 6289 2 4
787 8399 3 5
4026 4818 5 1
989 5148 5 1
2050 2938 4 1
2398 2824 1 5
2819 518 4 5
3608 1740 2 5
4014 5562 3 5
1981 1674 5 2
3246 6539 2 5
844 1596 1 3
2267 7701 4 5
262 8342 4 4
4430 3589 3 4
2665 8136 3 2
1849 478 2 4
1076 990 5 5
3765 2679 4 5
2138 7181 3 5
2441 2391 5 3
367 5611 1 5
4600 7373 3 3
2754 184 4 5
331 856 4 2
923 6548 1 5
4613 8580 5 2
2880 3604 2 1
2998 459 4 4
3035 7623 4 3
2498 2002 5 1
1093 7693 5 2
4274 6585 3 1
1566 7127 5 2
2853 8369 3 1
987 8180 2 4
4320 8166 3 3
2894 1030 5 1
1516 9784 1 3
3738 1010 5 4
3798 3734 4 1
430 6197 2 4
2283 8956 5 4
3568 153 3 3
4159 9214 1 3
122 470 3 2
127 6190 5 4
3600 6567 2 3
150 183 3 1
3190 8618 4 1
3787 5772 4 3
2962 2000 1 3
607 979 5 1
725 3250 3 1
4720 3236 5 4
4901 3197 1 1
1690 6966 1 5
2792 9002 1 2
2387 8197 4 1
98 8365 3 1
4672 3299 2 1
3275 7613 2 3
424 1939 2 1
2568 4074 1 5
520 2028 5 4
515 8989 5 3
3593 7661 4 4
3013 1450 5 3
2374 1672 4 1
4642 8669 4 1
304 9926 1 3
2000 1548 3 3
1788 2543 1 3
766 1454 1 5
4558 6917 4 3
4184 4903 1 2
3288 6683 3 3
2676 1710 3 3
818 6787 1 3
4168 5969 1 1
4256 2346 4 1
1900 6933 5 2
1925 4872 5 2
4888 8576 3 4
2630 9756 2 1
733 8212 4 2
2499 8279 5 2
2124 9420 3 2
883 1770 2 3
4351 1575 5 2
3223 6548 3 4
2562 113 2 1
4935 4791 1 1
1501 7572 3 5
2925 3182 1 1
1301 6587 2 3
4179 5670 5 4
3623 8427 5 2
2488 4392 5 1
2253 2494 1 3
3642 1486 3 1
4529 154 5 3
1668 9631 3 3
3109 7872 1 3
1771 251 1 1
4339 1256 3 2
2824 4401 2 1
3448 4245 3 3
2865 245 3 3
199 2764 5 2
1198 4711 5 5
1292 9988 2 4
120 4832 4 5
3044 1400 2 1
2901 6333 1 2
289 6427 4 4
3336 1353 1 4
2059 801 1 4
2756 487 3 5
238 8323 3 1
1578 1143 5 5
1272 2212 1 5
4273 2880 1 5
4654 7927 3 3
4640 6536 2 2
3669 3864 5 2
2175 5044 1 3
1683 5175 3 4
3159 5181 3 5
3697 6755 4 3
4818 8255 3 5
3091 500 3 3
3518 7981 5 3
923 8776 4 4
1910 8175 1 4
1675 6571 2 5
876 9482 5 5
3118 5740 3 3
1997 153 3 1
326 9745 3 4
3863 4504 2 5
1640 9290 3 4
3732 6797 3 1
1684 8004 1 3
3743 9017 3 2
2379 9357 5 5
4755 4417 5 1
2081 4574 4 1
4539 9918 1 2
4604 7233 5 4
2015 3754 4 4
879 7977 2 5
3497 6790 2 1
3073 2568 1 3
3492 9439 3 1
2006 3677 2 2
1797 4499 3 2
866 4917 5 3
4336 6970 2 1
2473 5683 5 1
1237 2646 2 5
2607 4202 3 2
1820 103 2 4
1890 6385 1 4
442 6202 1 2
559 9661 5 5
3315 1543 1 1
3613 9899 2 5
1273 7217 5 4
709 2604 5 3
1354 3310 2 4
4848 3466 2 1
4834 4048 2 1
1854 1579 1 1
1561 801 1 1
350 5443 1 2
1330 8376 1 3
490 971 5 2
2140 1859 1 2
2662 4047 3 3
4048 7757 3 1
4668 6360 2 2
3580 4069 2 4
4756 2863 1 2
619 2119 4 2
1545 5394 3 4
3626 6091 1 2
69 5908 4 5
1832 3353 1 2
4857 2190 3 4
3129 8272 3 3
567 5849 4 2
3984 4197 3 1
4796 507 5 4
3299 9780 5 4
2844 6997 3 5
175 5015 2 1
3602 7819 4 2
3046 1681 5 4
3765 7182 5 3
690 4200 4 1
2353 4988 4 1
2384 7244 5 1
2121 3017 5 3
4016 2169 3 3
4994 1601 5 4
1641 7942 2 1
2562 2913 4 4
3556 2871 4 1
3930 5297 2 2
1271 1170 2 4
2093 2900 1 2
2534 6037 4 3
3819 6162 1 1
2052 4449 1 5
3681 8049 3 3
460 3213 4 5
4255 9422 1 1
296 4498 4 3
3699 9214 4 2
2626 4458 4 2
310 8666 2 3
1558 5550 2 1
1800 9689 3 3
1451 1250 2 1
336 4715 2 1
4606 305 4 4
4760 3046 5 3
3752 6608 4 5
2637 1477 2 5
3514 6806 5 1
3248 3824 3 5
2537 8454 1 3
1584 3281 4 2
1793 3061 5 2
3054 8078 4 2
2343 5542 1 5
3510 4591 5 3
698 7223 3 4
523 9829 4 4
4141 8107 1 1
694 8885 2 3
973 2833 5 5
456 5960 1 3
751 3409 3 5
4000 3914 2 5
569 7251 4 2
3540 4586 5 3
1346 179 4 3
4532 655 5 1
1744 7139 5 3
1550 738 1 3
2073 5561 2 2
4737 5702 1 1
1477 8841 2 1
1713 1107 3 4
643 2218 1 1
1437 9260 1 4
3199 433 1 5
585 765 3 3
3163 7233 4 3
1467 9017 4 3
3929 9216 3 1
162 1326 4 1
1772 7610 1 4
3435 3328 2 2
1881 3548 2 3
2156 6874 1 1
2053 7722 4 4
3369 2859 2 3
1037 8859 3 2
93 3291 3 2
450 5975 1 4
4652 2934 1 2
3241 3812 5 1
343 8254 1 3
2988 7880 1 2
370 4771 4 2
1815 3199 3 2
3245 9228 4 4
2601 7700 3 3
317 6208 4 4
10 5575 4 1
1914 9352 3 5
3616 7341 2 4
1056 9838 1 3
1519 6006 5 5
2617 7110 4 1
2405 2089 3 3
4149 2520 2 5
4047 478 5 1
4915 4532 1 4
936 4254 3 2
2046 5826 5 4
916 9290 4 4
3200 3584 4 1
2837 2452 4 2
2486 9221 2 2
4849 1320 3 5
2926 6724 4 4
489 1630 1 3
3728 1442 2 5
366 8865 4 4
1224 3865 5 5
3159 5003 2 1
2112 4388 3 2
2854 9353 2 1
3039 48 5 4
839 1001 2 5
1222 4333 5 2
1599 4788 1 3
4326 8659 2 3
1831 5869 4 4
128 623 1 3
4988 5266 4 4
2657 6817 2 4
3909 5241 4 1
4787 4559 2 2
4673 3755 5 5
1207 2195 2 4
4032 9237 2 5
4930 5777 3 5
521 1817 3 4
4317 9004 2 4
2123 9483 4 2
2021 162 4 2
1959 5017 1 4
3606 4366 2 3
1801 6376 2 2
1076 7888 2 2
4853 9194 5 5
4099 2907 3 2
1195 1518 4 4
840 2861 5 3
3939 1217 1 3
2791 4344 1 5
360 3969 2 2
929 5954 4 1
2574 5626 5 2
4267 4704 3 1
3111 2059 4 4
2460 7182 2 2
4199 5437 4 2
4891 8262 2 1
1115 5822 2 3
888 9450 3 4
2538 5561 1 2
132 6067 3 4
4063 1893 3 2
4537 7897 3 4
1667 3740 1 2
1001 4628 2 3
225 6999 5 2
3225 3978 5 1
4769 9429 3 5
2748 9673 4 2
783 688 4 1
4292 2520 5 1
3130 9576 3 5
2102 8660 2 3
2830 822 4 2
2400 6038 2 3
2733 8775 3 1
4224 440 3 1
564 1260 1 5
1890 8777 1 1
4176 6675 5 2
2667 805 4 1
814 4097 2 4
67 6743 1 3
2759 4916 4 2
2678 1156 2 4
1208 4645 4 4
1711 7836 4 1
2256 4546 3 5
2675 1548 1 4
2823 3949 2 3
346 4180 1 4
4548 7952 1 3
4554 4167 1 1
4406 7141 4 2
2489 3963 3 5
4254 8346 5 2
4947 182 1 3
2066 4251 1 3
4215 2709 1 4
331 1219 1 5
2693 2923 1 3
32 9019 4 3
1491 446 3 1
4396 3873 3 5
2027 6195 3 5
223 5554 2 5
4131 4051 4 5
2635 8390 5 1
656 9993 3 1
4506 1291 4 1
868 957 2 1
2415 8844 5 5
2519 3450 4 3
4502 86 3 4
2068 773 4 5
4581 4891 1 1
2442 4924 1 2
3107 8279 3 4
4618 9385 5 3
4114 7704 2 2
577 27 5 1
56 3122 4 3
1947 3621 2 2
4256 3726 2 2
4325 5392 4 3
1835 3192 2 2
1289 1304 4 1
4504 9929 3 1
4978 2834 1 1
2978 7749 3 5
685 7981 2 5
853 6448 2 1
920 578 3 3
1885 8044 5 4
4674 5397 4 5
2663 1234 5 3
2034 8843 3 1
3296 9675 5 4
3828 2792 4 5
4620 1129 5 1
853 4946 4 3
1495 5017 1 2
207 8983 1 3
109 9217 1 3
4030 6378 3 3
3027 4193 2 2
3493 466 2 4
798 2796 4 2
3871 3906 5 1
4461 609 2 5
4796 3769 3 5
1493 6103 3 1
1241 8413 3 5
1303 8320 2 5
4393 5321 3 1
4058 3132 2 3
3519 2469 4 3
1539 9665 3 2
1717 380 2 4
3241 6583 4 5
2498 3172 4 4
746 9748 4 1
2534 3018 1 2
3075 4349 5 2
3409 5640 5 5
2652 4455 2 5
2417 5055 3 1
819 2632 1 4
2902 7786 3 4
3767 1437 4 2
2227 8240 3 1
1295 4837 2 5
239 2951 5 3
3703 1877 3 2
3466 9686 2 5
1159 3845 3 5
815 9447 3 5
442 2999 1 3
619 7560 3 2
1199 9744 2 2
1347 2545 5 1
2211 3185 2 1
1435 5904 5 3
4874 5134 2 1
2291 8737 1 3
868 2316 1 2
4938 6753 4 2
3248 44 3 5
1295 3812 5 4
3498 1638 5 5
3771 8297 3 4
1715 8376 5 5
3556 9219 2 5
767 4286 1 1
520 8632 2 4
4338 8840 4 1
1326 6026 5 5
3832 6650 5 3
2474 4582 2 5
1479 1173 4 1
196 9874 5 1
2080 750 2 3
4691 7030 2 5
2935 9471 5 5
2748 7610 5 2
2130 7697 5 5
1140 872 4 3
1023 3983 3 2
1928 4235 3 5
2493 7710 2 3
2370 5961 2 1
2716 1758 5 1
4684 7312 3 2
2505 2465 2 4
1668 427 2 3
2205 7841 4 5
1038 2191 4 4
4950 9510 1 3
2735 3863 3 1
2810 4389 1 3
851 5927 5 4
4196 1459 3 1
943 6532 4 4
2187 4938 3 4
3564 855 2 4
183 4948 1 3
4405 6926 4 3
658 8576 5 2
2251 8044 5 2
4751 3734 3 1
133 1743 4 3
3340 2256 1 2
1556 4607 1 2
4777 2515 5 5
4721 6057 2 1
2317 2224 2 5
134 3509 2 5
3621 6663 1 4
4203 8852 2 3
554 3243 5 3
3925 9741 4 4
1128 7015 3 1
1536 8574 2 4
399 6237 4 1
4873 8880 1 4
2771 2002 3 2
427 6652 5 1
4948 7936 4 4
3839 3882 3 5
449 928 1 2
4751 4095 1 1
166 8523 1 1
3701 2207 4 2
2105 1570 4 3
4111 5933 4 5
1935 3212 3 1
3547 1022 1 4
975 3119 1 1
3607 3643 1 4
1083 3123 4 5
2665 4695 2 5
3133 9413 3 3
2673 1636 2 5
2424 8476 1 1
4749 2249 5 1
2684 1903 2 2
2773 4658 1 4
3890 7758 4 2
1226 9800 2 5
4607 7262 2 3
4449 5817 2 2
2146 4545 3 2
3397 5631 3 2
3767 8145 3 2
1401 4880 1 1
1319 8077 2 3
3938 6352 2 4
1807 7021 1 2
1419 5433 4 4
4989 1954 1 4
3792 6166 5 3
2156 3686 5 4
4283 8994 4 1
3536 1398 4 3
3875 109 2 1
3565 3696 2 5
4564 142 4 5
1048 8027 3 5
2097 4820 3 5
4253 3003 3 4
999 3322 5 5
2360 4575 3 2
2342 6063 2 1
4879 7720 1 5
3931 8886 4 5
3456 3880 5 1
4350 4445 5 4
3724 5236 3 5
4279 2559 5 2
3567 2540 3 1
4301 9591 2 5
3655 5418 4 3
2152 5250 3 1
4565 4776 2 4
4611 1941 3 4
3588 9320 4 3
940 4640 5 5
3590 4767 1 3
2179 4467 3 1
4942 1400 4 3
3325 1978 3 3
3377 7735 2 3
4838 8652 2 4
3986 8770 2 5
1705 1606 5 1
3187 9702 4 1
2084 523 2 3
961 9247 5 5
612 3654 3 4
694 7968 2 1
3310 6607 4 3
2689 509 3 5
1057 3317 5 5
1509 5756 5 4
3139 1626 1 5
436 9490 4 2
1572 1132 1 3
4550 4036 3 3
321 3518 1 4
2013 4767 3 4
4042 4190 3 1
4973 3856 5 4
2741 9537 3 4
4513 1206 5 2
1169 8533 4 1
1284 2303 4 2
2910 7481 5 5
1124 4046 3 1
4118 626 1 5
2241 9728 3 5
4632 8839 4 5
23 4775 1 2
1654 7168 2 3
4736 988 5 3
4234 8327 3 1
1186 1136 1 1
881 2486 5 4
1107 3204 4 1
1022 2531 5 2
3653 237 3 1
3703 8300 4 4
4644 5585 2 4
1956 7315 5 4
4225 9525 4 1
1005 5690 4 3
4447 2668 3 1
2600 5480 2 2
2858 7506 2 2
2903 9616 1 3
2601 2174 2 5
4744 1328 3 4
427 2298 5 2
3994 4612 4 4
3640 2800 4 2
4140 855 3 2
4180 8110 4 3
3863 7125 5 2
4649 2117 2 5
1723 7447 4 3
4873 4882 4 4
4747 4260 3 4
3530 2446 5 3
1651 4244 5 1
1177 6463 3 1
1794 5097 2 2
3607 5058 1 1
1252 8405 3 2
1643 2128 5 2
3194 4609 5 2
3528 8813 5 1
1528 8131 2 3
2297 7856 3 5
1477 8508 1 1
1783 2747 1 4
576 5790 5 3
3959 8313 4 3
1461 6778 4 5
2795 6548 1 5
2339 2362 3 5
109 9557 4 2
4032 8529 2 1
638 4170 4 2
4980 6029 4 4
2171 4092 2 4
435 9945 4 4
3246 7584 3 1
4973 9172 1 1
4365 7906 2 4
3218 6681 5 4
426 6132 1 1
1081 7015 5 4
553 882 2 1
414 1016 5 4
4300 3552 5 5
1362 8943 5 1
3425 2053 5 2
4367 6678 1 5
1405 1145 1 3
4080 9095 1 5
4988 5249 1 1
3132 9688 5 3
1620 6623 2 3
2783 2127 4 2
2090 5672 3 2
1175 6704 2 3
3924 2902 1 4
998 1614 3 1
3431 6526 2 2
3107 909 4 5
3766 1409 3 2
1768 2844 3 4
4258 1220 1 1
3962 3132 4 3
3017 6168 1 5
3891 7064 1 3
1795 2788 4 5
1848 5772 5 1
3590 4685 3 1
3764 9847 5 4
534 9066 4 5
1099 2948 3 5
4558 6554 4 4
1809 6273 1 4
4530 9322 4 2
2547 6279 2 2
482 8320 2 5
4083 1429 3 5
247 1457 5 2
2202 2998 1 2
4776 7193 1 2
1733 1967 1 2
645 7397 3 4
1838 9279 5 3
3799 1656 2 3
1542 7676 3 2
4566 3233 4 2
3116 7201 4 3
2197 7481 5 4
4724 9336 1 1
3367 5680 4 1
2479 5786 3 2
3721 8187 5 1
2931 3330 3 3
3281 382 5 2
3791 5596 5 1
1539 7536 5 2
3436 233 2 2
2956 392 3 1
3089 9069 2 2
3628 1759 3 2
2544 8259 5 1
4320 6654 3 4
1125 3029 5 3
282 8046 4 4
4139 1125 1 3
759 5063 3 4
2066 8499 1 1
129 5471 3 3
1865 2629 4 2
4641 1450 5 1
2240 6801 4 3
2423 4721 2 2
2923 3531 4 4
4297 2388 3 2
443 6382 3 1
927 8631 4 3
630 3495 4 1
2473 6553 2 5
1677 8943 3 5
1832 6958 1 5
244 8650 4 5
519 1936 1 1
4159 5933 2 1
2282 9566 3 3
1531 3714 4 5
134 8449 4 2
3696 1908 1 1
4433 3155 1 5
903 7442 5 2
4689 255 3 4
3094 7844 4 1
3705 3630 4 1
3672 2949 5 4
699 5917 1 5
3913 3061 5 4
3108 417 4 5
3929 4493 1 4
2374 5640 3 1
1742 2809 1 1
3219 8270 1 2
610 9851 1 2
2884 2633 1 2
2847 1263 1 1
840 6342 5 5
418 804 4 3
3222 1717 4 5
2263 8215 1 1
3243 2195 3 4
1023 6148 1 4
4390 1741 1 3
1502 1703 4 3
4023 6325 3 5
3565 1005 3 2
1361 992 2 4
4603 4331 5 3
3263 2966 2 5
4557 3729 4 4
2735 7804 2 5
4754 8763 2 4
2544 7384 4 2
4194 905 3 1
948 9300 5 1
1816 6577 4 1
4771 201 5 5
1965 5125 4 5
1465 8929 4 2
3846 1034 5 2
4209 6430 3 4
3668 796 4 5
48 6283 1 2
1430 7139 2 2
3670 2623 1 1
3874 7620 1 1
3275 8549 2 3
4792 3110 4 5
4770 2028 3 4
1412 2735 4 2
4509 6451 4 1
1795 541 3 1
1582 5350 2 1
1485 2878 1 5
713 4710 2 1
3910 790 5 4
1409 3829 3 3
3282 352 5 3
3402 5219 4 1
2880 1752 1 5
3551 3534 5 1
3206 1432 5 4
3071 3357 5 2
2074 7869 1 4
849 5568 2 5
2960 1177 2 2
3198 1316 2 2
1534 4451 1 1
3993 923 1 3
1178 9838 2 5
1598 1094 2 4
4481 3792 3 1
4680 6922 5 3
4049 2777 5 3
2046 1130 4 4
2791 7737 4 2
4330 7579 4 1
3708 209 5 1
651 1983 4 1
2888 2270 1 3
4596 9856 1 4
1317 8429 1 4
4780 8441 2 3
3089 1223 5 3
4401 6679 3 4
3444 5376 4 5
3679 4794 5 2
3532 9389 5 4
4623 8694 2 1
3562 5337 5 4
1889 2497 1 5
1860 539 3 2
3609 657 5 3
3016 5581 2 2
187 761 4 4
75 4803 2 5
1749 7248 1 1
1293 9885 4 4
1191 9136 4 4
4838 1124 5 4
890 7376 1 4
1478 3306 1 2
2034 7738 1 3
1271 4472 2 4
860 4892 4 3
2388 3972 1 4
1554 6999 2 2
4061 1896 5 5
4636 686 4 2
1996 8928 3 5
3333 6336 2 5
404 5895 3 2
393 1913 4 3
2942 7512 2 5
2255 5991 1 2
3943 1459 2 4
1073 258 5 4
4593 4951 3 3
644 6481 3 2
1188 312 3 2
1112 1466 5 5
4489 1454 4 2
3723 8883 4 3
171 8664 2 2
4461 1882 5 5
3417 2831 2 5
4656 9027 1 1
4669 4848 3 1
3157 3581 5 3
2518 6781 5 2
2832 4910 4 4
1787 310 5 2
1096 7128 1 5
4979 4573 4 5
1800 7370 1 2
1109 5813 3 5
4697 4182 2 3
481 2612 4 4
3761 4729 2 1
2519 1135 2 4
4132 4203 4 5
4388 3410 4 2
390 8455 3 2
2134 9823 1 2
2003 5359 5 3
3986 5007 1 3
4868 4236 4 3
2686 185 2 2
2194 8268 1 2
839 9355 3 2
3905 861 3 2
342 6990 3 3
1175 3837 5 1
4422 1259 3 5
2748 2408 2 1
1297 5366 3 4
1817 6364 1 3
2859 5693 4 2
3277 3232 3 4
111 1354 1 2
2596 1590 2 3
1425 8713 2 5
561 5976 5 2
671 3718 1 3
41 849 1 3
3271 8066 5 2
649 4944 1 1
3149 2265 3 1
1927 6992 3 4
2853 8148 3 4
2062 4266 1 3
3992 1244 1 5
1047 739 2 5
4403 3205 1 1
4075 2069 1 3
2167 5722 3 5
1357 1472 3 5
4810 9949 3 2
2107 5793 5 2
3518 9661 1 5
200 4141 4 5
3673 9503 5 3
786 938 5 3
3330 5890 3 5
3681 8996 4 4
4473 3044 1 2
4418 9942 3 3
4801 5633 3 1
4887 2776 5 4
1140 8523 2 2
4731 2567 5 4
4228 3861 3 3
1429 3293 2 1
3169 3532 3 3
1737 330 1 2
2981 6059 2 3
4418 2295 2 1
409 5478 3 1
4023 4731 4 4
4296 1903 2 1
2598 5127 2 1
4330 8223 4 2
4277 7764 3 3
1911 8297 1 2
296 3114 2 1
4296 8746 1 4
1739 8099 2 2
1 5467 2 3
297 6780 4 5
2502 3449 1 2
606 6604 5 3
2450 8330 4 3
722 1474 4 1
110 8601 4 2
3350 9819 3 4
2643 9294 1 3
3037 8643 3 1
1046 6529 3 2
1567 2714 5 5
522 6042 2 2
3758 438 2 4
4519 9204 1 3
4512 7206 2 3
3250 4352 1 2
1498 5334 2 3
932 8293 5 3
503 6742 2 2
1392 6565 3 1
3501 7071 5 4
3138 9475 1 3
3340 4230 5 2
4291 9808 3 1
2571 9411 4 4
3852 5066 2 5
904 5040 1 3
802 5310 3 5
1190 2936 3 5
1205 6436 2 5
333 3571 2 5
1690 8032 1 5
3722 7495 3 3
1280 7536 2 3
1288 4629 5 3
4969 3861 2 2
3398 7444 1 5
1940 4937 5 3
4254 578 2 1
4305 4622 1 4
1059 5944 1 3
1740 5068 5 4
4849 8015 1 5
938 3032 1 5
238 2937 4 3
3937 6187 5 4
3383 2699 5 3
3660 8688 1 5
2316 2639 3 5
3854 3171 3 4
593 4411 4 2
3721 9002 1 4
970 9624 2 5
2906 1179 4 2
1939 4475 4 1
1581 9390 1 4
1014 4761 3 5
3966 80 4 5
2245 4188 2 1
1595 3926 5 3
1775 2129 3 5
1654 1147 1 4
2811 9897 5 5
4644 9030 4 1
1896 2492 1 1
1286 8200 1 4
1194 3033 5 3
3479 8852 1 1
491 5657 5 3
3402 1813 1 2
855 9868 1 1
4449 7798 2 2
145 3373 3 2
787 5263 5 2
4148 8924 5 3
3888 253 3 5
2955 5638 2 2
3726 4530 3 5
2199 6360 1 2
2079 2481 3 3
2927 406 4 4
2834 7237 1 2
3080 934 5 2
593 4990 2 4
314 5746 5 5
138 4960 4 3
660 7409 4 3
4945 3963 5 3
2184 7239 2 1
2238 4568 3 1
2751 3230 3 4
4110 7273 2 5
1510 3605 4 2
4283 4177 4 5
793 5948 3 1
4955 5296 4 3
1268 400 3 4
2484 8327 4 1
779 2228 4 5
4751 952 5 2
2279 5561 3 2
4869 3794 2 1
4871 8381 2 5
1838 29 2 4
214 8257 2 3
3292 878 3 5
1553 3033 4 2
1993 6553 3 5
1057 953 1 1
2374 4683 2 3
1532 5983 3 4
3006 8082 2 4
3170 6182 1 2
3530 7712 1 1
373 8993 2 3
2773 7911 2 4
4432 4946 5 2
4814 2694 5 2
4339 2250 5 3
166 2391 1 4
4287 2976 5 3
344 670 3 1
4832 8584 4 3
3248 9444 2 3
2195 2387 5 3
2541 7078 4 2
4664 6151 5 5
4271 9587 4 4
1281 5937 2 2
3303 8559 3 4
3571 855 1 2
150 4356 5 3
3371 7975 5 1
2526 5428 3 3
789 4039 3 1
1813 382 4 4
3159 9994 5 2
4276 4131 5 3
2493 682 5 3
2519 8338 5 1
3157 8692 2 1
2060 9196 3 3
1617 9796 3 4
89 3063 2 4
1528 2495 5 1
3313 8626 4 1
4654 6646 4 3
2492 6881 4 1
2787 9740 2 5
4468 8418 3 2
4107 1218 5 5
2140 2086 3 4
2291 4321 5 1
1474 6258 2 2
1452 9723 4 4
3302 2738 5 2
1239 1855 1 1
137 7269 2 5
4243 2623 4 2
2355 1778 1 5
3050 9057 1 5
2658 3322 1 5
1523 7914 4 5
326 5299 1 2
3577 3703 3 4
486 8137 3 5
380 2802 2 3
2290 2338 3 1
698 5263 5 4
4293 1037 3 1
4476 1043 1 5
3171 3113 2 2
3408 7286 1 4
2712 6844 4 4
4823 9483 1 3
911 6419 3 2
841 4638 5 1
2838 4864 1 3
2953 3186 3 2
3150 6972 3 2
2129 6674 1 5
1759 8162 3 2
3822 7524 4 5
1971 2302 2 3
3470 2617 3 2
3740 7799 4 2
492 1479 3 4
4225 1388 1 2
4031 1314 2 1
4738 8262 3 4
2893 2142 4 5
2222 9276 3 1
946 1254 3 5
4526 1247 2 1
1363 8404 4 1
4896 7730 2 4
4522 6283 5 5
2272 4187 3 1
3164 2234 1 1
755 5421 2 2
3337 6162 2 3
3705 5545 3 1
1975 3092 1 2
411 5203 1 5
743 1037 5 4
2612 4034 4 1
3134 6429 2 4
925 4489 1 5
326 3966 3 5
4756 23 5 2
1558 9513 4 2
2358 8805 2 4
4921 2198 2 3
3116 8602 4 2
2515 8951 1 4
1720 1469 3 3
2717 9666 2 3
4845 354 5 2
4933 5616 4 3
2210 554 1 3
1376 3025 5 5
813 5955 1 4
2453 1771 2 5
1620 8953 2 5
4310 4597 2 5
2476 2033 1 3
3824 7864 5 2
4209 193 4 1
1609 5668 1 3
811 1646 1 4
1708 5050 3 4
2001 7322 3 2
960 8957 1 4
495 2052 1 5
4958 1097 1 5
645 7048 5 3
1358 9665 5 3
655 864 1 3
2957 5752 1 5
1537 6721 2 3
2839 3477 1 4
2764 3558 3 3
2327 6024 2 3
1536 3288 1 3
