761
269 338
269 339
269 340
269 341
269 342
269 343
269 344
269 345
269 346
269 347
269 348
269 349
269 350
269 351
269 352
269 353
269 354
269 355
269 356
269 357
269 358
269 359
269 360
269 361
269 362
269 363
269 364
269 365
269 366
269 367
269 368
269 369
269 370
269 371
269 372
269 373
269 374
269 375
269 376
269 377
269 378
269 379
269 380
269 381
269 382
269 383
269 384
269 385
269 386
269 387
269 388
269 389
269 390
269 391
269 392
269 393
269 394
269 395
269 396
269 397
269 398
269 399
269 400
269 401
269 402
269 403
269 404
269 405
269 406
269 407
269 408
269 409
269 410
269 411
269 412
269 413
269 414
269 415
269 416
269 417
269 418
269 419
269 420
269 421
269 422
269 423
269 424
269 425
269 426
269 427
269 428
269 429
269 430
269 431
269 432
269 433
269 434
269 435
269 436
269 437
269 438
269 439
269 440
269 441
269 442
269 443
269 444
269 445
269 446
269 447
269 448
269 449
269 450
269 451
269 452
269 453
269 454
269 455
269 456
269 457
269 458
269 459
269 460
269 461
269 462
269 463
269 464
269 465
269 466
269 467
269 468
269 469
269 470
269 471
269 472
269 473
269 474
270 474
271 474
272 474
273 474
274 474
275 474
276 474
277 474
278 474
279 474
280 474
281 474
282 474
283 474
284 474
285 474
286 474
287 474
288 474
289 474
290 474
291 474
292 474
293 474
294 474
295 474
296 474
297 474
298 474
299 474
300 474
301 474
302 474
303 474
304 474
305 474
306 474
307 474
308 474
309 474
310 474
311 474
312 474
313 474
314 474
315 474
316 474
317 474
318 474
319 474
320 474
321 474
322 474
323 474
324 474
325 474
326 474
327 474
328 474
329 474
330 474
331 474
332 474
333 474
334 474
335 474
336 474
337 474
338 474
339 474
340 474
341 474
342 474
343 474
344 474
345 474
346 474
347 474
348 474
349 474
350 474
351 474
352 474
353 474
354 474
355 474
356 474
357 474
358 474
359 474
360 474
361 474
362 474
363 474
364 474
365 474
366 474
367 474
368 474
369 474
370 474
371 474
372 474
373 474
374 474
375 474
376 474
377 474
378 474
379 474
380 474
381 474
382 474
383 474
384 474
385 474
386 474
387 474
388 474
389 474
390 474
391 474
392 474
393 474
394 474
395 474
396 474
397 474
398 474
399 474
400 474
401 474
402 474
403 474
404 474
405 474
406 474
407 474
408 474
409 474
410 474
411 474
412 474
413 474
414 474
415 474
416 474
417 474
418 474
419 474
420 474
421 474
422 474
423 474
424 474
425 474
426 474
427 474
428 474
429 474
430 474
431 474
432 474
433 474
434 474
435 474
436 474
437 474
438 474
439 474
440 474
441 474
442 474
443 474
444 474
445 474
446 474
447 474
448 474
449 474
450 474
451 474
452 474
453 474
454 474
455 474
456 474
457 474
458 474
459 474
460 474
461 474
462 474
463 474
464 474
465 474
466 474
467 474
468 474
469 474
470 474
471 474
472 474
473 474
474 474
475 474
476 474
477 474
478 474
479 474
480 474
481 474
482 474
483 474
484 474
485 474
486 474
487 474
488 474
489 474
490 474
491 474
492 474
493 474
494 474
495 474
496 474
497 474
498 474
499 474
500 474
501 474
502 474
503 474
504 474
505 474
506 474
507 474
508 474
509 474
510 474
511 474
512 474
513 474
514 474
515 474
516 474
517 474
518 474
519 474
520 474
521 474
522 474
523 474
524 474
525 474
526 474
527 474
528 474
529 474
530 474
531 474
532 474
533 474
534 474
535 474
536 474
537 474
538 474
539 474
540 474
541 474
542 474
543 474
544 474
545 474
546 474
547 474
548 474
549 474
550 474
551 474
552 474
553 474
554 474
555 474
556 474
557 474
558 474
559 474
560 474
561 474
562 474
563 474
564 474
565 474
566 474
567 474
568 474
569 474
570 474
571 474
572 474
573 474
574 474
575 474
576 474
577 474
578 474
579 474
580 474
581 474
582 474
583 474
584 474
585 474
586 474
587 474
588 474
589 474
590 474
590 475
590 476
591 476
592 476
593 476
594 476
595 476
596 476
596 477
596 478
596 479
596 480
597 480
598 480
599 480
600 480
601 480
602 480
603 480
604 480
605 480
606 480
607 480
608 480
609 480
610 480
611 480
612 480
613 480
614 480
615 480
616 480
617 480
618 480
619 480
620 480
621 480
622 480
623 480
624 480
625 480
626 480
627 480
628 480
629 480
630 480
631 480
632 480
633 480
634 480
635 480
636 480
637 480
638 480
639 480
640 480
641 480
642 480
643 480
644 480
645 480
646 480
647 480
648 480
649 480
650 480
651 480
652 480
653 480
654 480
655 480
656 480
657 480
658 480
659 480
660 480
661 480
662 480
663 480
664 480
665 480
666 480
667 480
668 480
669 480
670 480
671 480
672 480
673 480
674 480
675 480
676 480
677 480
678 480
679 480
680 480
681 480
682 480
683 480
684 480
685 480
686 480
687 480
688 480
689 480
690 480
691 480
692 480
693 480
694 480
695 480
696 480
697 480
698 480
699 480
700 480
701 480
702 480
703 480
704 480
705 480
706 480
707 480
708 480
709 480
710 480
711 480
712 480
713 480
714 480
715 480
716 480
717 480
718 480
719 480
720 480
721 480
722 480
723 480
724 480
725 480
726 480
727 480
728 480
729 480
730 480
731 480
732 480
733 480
734 480
735 480
736 480
737 480
738 480
739 480
740 480
741 480
742 480
743 480
744 480
745 480
746 480
747 480
748 480
749 480
750 480
751 480
752 480
753 480
754 480
755 480
756 480
757 480
758 480
759 480
760 480
761 480
762 480
763 480
764 480
765 480
766 480
767 480
768 480
769 480
770 480
771 480
772 480
773 480
774 480
775 480
776 480
777 480
778 480
779 480
780 480
781 480
782 480
783 480
784 480
785 480
786 480
787 480
788 480
789 480
790 480
791 480
792 480
793 480
794 480
795 480
796 480
797 480
798 480
799 480
800 480
801 480
802 480
803 480
804 480
805 480
806 480
807 480
808 480
809 480
810 480
811 480
812 480
813 480
814 480
815 480
816 480
817 480
818 480
819 480
820 480
821 480
822 480
823 480
824 480
825 480
826 480
827 480
828 480
829 480
830 480
831 480
832 480
833 480
834 480
835 480
836 480
837 480
838 480
839 480
840 480
841 480
842 480
843 480
844 480
845 480
846 480
847 480
848 480
849 480
850 480
851 480
852 480
853 480
854 480
855 480
856 480
857 480
858 480
859 480
860 480
861 480
862 480
863 480
864 480
865 480
866 480
867 480
868 480
869 480
870 480
871 480
872 480
873 480
874 480
875 480
876 480
877 480
878 480
879 480
880 480
881 480
882 480
883 480
884 480
885 480
886 480
887 480
888 480
