7853
3738 11320
3738 11319
3738 11318
3738 11317
3738 11316
3738 11315
3738 11314
3738 11313
3738 11312
3738 11311
3738 11310
3738 11309
3738 11308
3738 11307
3738 11306
3738 11305
3738 11304
3738 11303
3738 11302
3738 11301
3738 11300
3738 11299
3738 11298
3738 11297
3738 11296
3738 11295
3738 11294
3738 11293
3738 11292
3738 11291
3738 11290
3738 11289
3738 11288
3738 11287
3738 11286
3738 11285
3738 11284
3738 11283
3738 11282
3738 11281
3738 11280
3738 11279
3738 11278
3738 11277
3738 11276
3738 11275
3738 11274
3738 11273
3738 11272
3738 11271
3738 11270
3738 11269
3738 11268
3738 11267
3738 11266
3738 11265
3738 11264
3738 11263
3738 11262
3738 11261
3738 11260
3738 11259
3738 11258
3738 11257
3738 11256
3738 11255
3738 11254
3738 11253
3738 11252
3738 11251
3738 11250
3738 11249
3738 11248
3738 11247
3738 11246
3738 11245
3738 11244
3738 11243
3738 11242
3738 11241
3738 11240
3738 11239
3738 11238
3738 11237
3738 11236
3738 11235
3738 11234
3738 11233
3738 11232
3738 11231
3738 11230
3738 11229
3738 11228
3738 11227
3738 11226
3738 11225
3738 11224
3738 11223
3738 11222
3738 11221
3738 11220
3738 11219
3738 11218
3738 11217
3738 11216
3738 11215
3738 11214
3738 11213
3738 11212
3738 11211
3738 11210
3738 11209
3738 11208
3738 11207
3738 11206
3738 11205
3738 11204
3738 11203
3738 11202
3738 11201
3738 11200
3738 11199
3738 11198
3738 11197
3738 11196
3738 11195
3738 11194
3738 11193
3738 11192
3738 11191
3738 11190
3738 11189
3738 11188
3738 11187
3738 11186
3738 11185
3738 11184
3738 11183
3738 11182
3738 11181
3738 11180
3738 11179
3738 11178
3738 11177
3738 11176
3738 11175
3738 11174
3738 11173
3738 11172
3738 11171
3738 11170
3738 11169
3738 11168
3738 11167
3738 11166
3738 11165
3738 11164
3738 11163
3738 11162
3738 11161
3738 11160
3738 11159
3738 11158
3738 11157
3738 11156
3738 11155
3738 11154
3738 11153
3738 11152
3738 11151
3738 11150
3738 11149
3738 11148
3738 11147
3738 11146
3738 11145
3738 11144
3738 11143
3738 11142
3738 11141
3738 11140
3738 11139
3738 11138
3738 11137
3738 11136
3738 11135
3738 11134
3738 11133
3738 11132
3738 11131
3738 11130
3738 11129
3738 11128
3738 11127
3738 11126
3738 11125
3738 11124
3738 11123
3738 11122
3738 11121
3738 11120
3738 11119
3738 11118
3738 11117
3738 11116
3738 11115
3738 11114
3738 11113
3738 11112
3738 11111
3738 11110
3738 11109
3738 11108
3738 11107
3738 11106
3738 11105
3738 11104
3738 11103
3738 11102
3738 11101
3738 11100
3738 11099
3738 11098
3738 11097
3738 11096
3738 11095
3738 11094
3738 11093
3738 11092
3738 11091
3738 11090
3738 11089
3738 11088
3738 11087
3738 11086
3738 11085
3738 11084
3738 11083
3738 11082
3738 11081
3738 11080
3738 11079
3738 11078
3738 11077
3738 11076
3738 11075
3738 11074
3738 11073
3738 11072
3738 11071
3738 11070
3738 11069
3738 11068
3738 11067
3738 11066
3738 11065
3738 11064
3738 11063
3738 11062
3738 11061
3738 11060
3738 11059
3738 11058
3738 11057
3738 11056
3738 11055
3738 11054
3738 11053
3738 11052
3738 11051
3738 11050
3738 11049
3738 11048
3738 11047
3738 11046
3738 11045
3738 11044
3738 11043
3738 11042
3738 11041
3738 11040
3738 11039
3738 11038
3738 11037
3738 11036
3738 11035
3738 11034
3738 11033
3738 11032
3738 11031
3738 11030
3738 11029
3738 11028
3738 11027
3738 11026
3738 11025
3738 11024
3738 11023
3738 11022
3738 11021
3738 11020
3738 11019
3738 11018
3738 11017
3738 11016
3738 11015
3738 11014
3738 11013
3738 11012
3738 11011
3738 11010
3738 11009
3738 11008
3738 11007
3738 11006
3738 11005
3738 11004
3738 11003
3738 11002
3738 11001
3738 11000
3738 10999
3738 10998
3738 10997
3738 10996
3738 10995
3738 10994
3738 10993
3738 10992
3738 10991
3738 10990
3738 10989
3738 10988
3738 10987
3738 10986
3738 10985
3738 10984
3738 10983
3738 10982
3738 10981
3738 10980
3738 10979
3738 10978
3738 10977
3738 10976
3738 10975
3738 10974
3738 10973
3738 10972
3738 10971
3738 10970
3738 10969
3738 10968
3738 10967
3738 10966
3738 10965
3738 10964
3738 10963
3738 10962
3738 10961
3738 10960
3738 10959
3738 10958
3738 10957
3738 10956
3738 10955
3738 10954
3738 10953
3738 10952
3738 10951
3738 10950
3738 10949
3738 10948
3738 10947
3738 10946
3738 10945
3738 10944
3738 10943
3738 10942
3738 10941
3738 10940
3738 10939
3738 10938
3738 10937
3738 10936
3738 10935
3738 10934
3738 10933
3738 10932
3738 10931
3738 10930
3738 10929
3738 10928
3738 10927
3738 10926
3738 10925
3738 10924
3738 10923
3738 10922
3738 10921
3738 10920
3738 10919
3738 10918
3738 10917
3738 10916
3738 10915
3738 10914
3738 10913
3738 10912
3738 10911
3738 10910
3738 10909
3738 10908
3738 10907
3738 10906
3738 10905
3738 10904
3738 10903
3738 10902
3738 10901
3738 10900
3738 10899
3738 10898
3738 10897
3738 10896
3738 10895
3738 10894
3738 10893
3738 10892
3738 10891
3738 10890
3738 10889
3738 10888
3738 10887
3738 10886
3738 10885
3738 10884
3738 10883
3738 10882
3738 10881
3738 10880
3738 10879
3738 10878
3738 10877
3738 10876
3738 10875
3738 10874
3738 10873
3738 10872
3738 10871
3738 10870
3738 10869
3738 10868
3738 10867
3738 10866
3738 10865
3738 10864
3738 10863
3738 10862
3738 10861
3738 10860
3738 10859
3738 10858
3738 10857
3738 10856
3738 10855
3738 10854
3738 10853
3738 10852
3738 10851
3738 10850
3738 10849
3738 10848
3738 10847
3738 10846
3738 10845
3738 10844
3738 10843
3738 10842
3738 10841
3738 10840
3738 10839
3738 10838
3738 10837
3738 10836
3738 10835
3738 10834
3738 10833
3738 10832
3738 10831
3738 10830
3738 10829
3738 10828
3738 10827
3738 10826
3738 10825
3738 10824
3738 10823
3738 10822
3738 10821
3738 10820
3738 10819
3738 10818
3738 10817
3738 10816
3738 10815
3738 10814
3738 10813
3738 10812
3738 10811
3738 10810
3738 10809
3738 10808
3738 10807
3738 10806
3738 10805
3738 10804
3738 10803
3738 10802
3738 10801
3738 10800
3738 10799
3738 10798
3738 10797
3738 10796
3738 10795
3738 10794
3738 10793
3738 10792
3738 10791
3738 10790
3738 10789
3738 10788
3738 10787
3738 10786
3738 10785
3738 10784
3738 10783
3738 10782
3738 10781
3738 10780
3738 10779
3738 10778
3738 10777
3738 10776
3738 10775
3738 10774
3738 10773
3738 10772
3738 10771
3738 10770
3738 10769
3738 10768
3738 10767
3738 10766
3738 10765
3738 10764
3738 10763
3738 10762
3738 10761
3738 10760
3738 10759
3738 10758
3738 10757
3738 10756
3738 10755
3738 10754
3738 10753
3738 10752
3738 10751
3738 10750
3738 10749
3738 10748
3738 10747
3738 10746
3738 10745
3738 10744
3738 10743
3738 10742
3738 10741
3738 10740
3738 10739
3738 10738
3738 10737
3738 10736
3738 10735
3738 10734
3738 10733
3738 10732
3738 10731
3738 10730
3738 10729
3738 10728
3738 10727
3738 10726
3738 10725
3738 10724
3738 10723
3738 10722
3738 10721
3738 10720
3738 10719
3738 10718
3738 10717
3738 10716
3738 10715
3738 10714
3738 10713
3738 10712
3738 10711
3738 10710
3738 10709
3738 10708
3738 10707
3738 10706
3738 10705
3738 10704
3738 10703
3738 10702
3738 10701
3738 10700
3738 10699
3738 10698
3738 10697
3738 10696
3738 10695
3738 10694
3738 10693
3738 10692
3738 10691
3738 10690
3738 10689
3738 10688
3738 10687
3738 10686
3738 10685
3738 10684
3738 10683
3738 10682
3738 10681
3738 10680
3738 10679
3738 10678
3738 10677
3738 10676
3738 10675
3738 10674
3738 10673
3738 10672
3738 10671
3738 10670
3738 10669
3738 10668
3738 10667
3738 10666
3738 10665
3738 10664
3738 10663
3738 10662
3738 10661
3738 10660
3738 10659
3738 10658
3738 10657
3738 10656
3738 10655
3738 10654
3738 10653
3738 10652
3738 10651
3738 10650
3738 10649
3738 10648
3738 10647
3738 10646
3738 10645
3738 10644
3738 10643
3738 10642
3738 10641
3738 10640
3738 10639
3738 10638
3738 10637
3738 10636
3738 10635
3738 10634
3738 10633
3738 10632
3738 10631
3738 10630
3738 10629
3738 10628
3738 10627
3738 10626
3738 10625
3738 10624
3738 10623
3738 10622
3738 10621
3738 10620
3738 10619
3738 10618
3738 10617
3738 10616
3738 10615
3738 10614
3738 10613
3738 10612
3738 10611
3738 10610
3738 10609
3738 10608
3738 10607
3738 10606
3738 10605
3738 10604
3738 10603
3738 10602
3738 10601
3738 10600
3738 10599
3738 10598
3738 10597
3738 10596
3738 10595
3738 10594
3738 10593
3738 10592
3738 10591
3738 10590
3738 10589
3738 10588
3738 10587
3738 10586
3738 10585
3738 10584
3738 10583
3738 10582
3738 10581
3738 10580
3738 10579
3738 10578
3738 10577
3738 10576
3738 10575
3738 10574
3738 10573
3738 10572
3738 10571
3738 10570
3738 10569
3738 10568
3738 10567
3738 10566
3738 10565
3738 10564
3738 10563
3738 10562
3738 10561
3738 10560
3738 10559
3738 10558
3738 10557
3738 10556
3738 10555
3738 10554
3738 10553
3738 10552
3738 10551
3738 10550
3738 10549
3738 10548
3738 10547
3738 10546
3738 10545
3738 10544
3738 10543
3738 10542
3738 10541
3738 10540
3738 10539
3738 10538
3738 10537
3738 10536
3738 10535
3738 10534
3738 10533
3738 10532
3738 10531
3738 10530
3738 10529
3738 10528
3738 10527
3738 10526
3738 10525
3738 10524
3738 10523
3738 10522
3738 10521
3738 10520
3738 10519
3738 10518
3738 10517
3738 10516
3738 10515
3738 10514
3738 10513
3738 10512
3738 10511
3738 10510
3738 10509
3738 10508
3738 10507
3738 10506
3738 10505
3738 10504
3738 10503
3738 10502
3738 10501
3738 10500
3738 10499
3738 10498
3738 10497
3738 10496
3738 10495
3738 10494
3738 10493
3738 10492
3738 10491
3738 10490
3738 10489
3738 10488
3738 10487
3738 10486
3738 10485
3738 10484
3738 10483
3738 10482
3738 10481
3738 10480
3738 10479
3738 10478
3738 10477
3738 10476
3738 10475
3738 10474
3738 10473
3738 10472
3738 10471
3738 10470
3738 10469
3738 10468
3738 10467
3738 10466
3738 10465
3738 10464
3738 10463
3738 10462
3738 10461
3738 10460
3738 10459
3738 10458
3738 10457
3738 10456
3738 10455
3738 10454
3738 10453
3738 10452
3738 10451
3738 10450
3738 10449
3738 10448
3738 10447
3738 10446
3738 10445
3738 10444
3738 10443
3738 10442
3738 10441
3738 10440
3738 10439
3738 10438
3738 10437
3738 10436
3738 10435
3738 10434
3738 10433
3738 10432
3738 10431
3738 10430
3738 10429
3738 10428
3738 10427
3738 10426
3738 10425
3738 10424
3738 10423
3738 10422
3738 10421
3738 10420
3738 10419
3738 10418
3738 10417
3738 10416
3738 10415
3738 10414
3738 10413
3738 10412
3738 10411
3738 10410
3738 10409
3738 10408
3738 10407
3738 10406
3738 10405
3738 10404
3738 10403
3738 10402
3738 10401
3738 10400
3738 10399
3738 10398
3738 10397
3738 10396
3738 10395
3738 10394
3738 10393
3738 10392
3738 10391
3738 10390
3738 10389
3738 10388
3738 10387
3738 10386
3738 10385
3738 10384
3738 10383
3738 10382
3738 10381
3738 10380
3738 10379
3738 10378
3738 10377
3738 10376
3738 10375
3738 10374
3738 10373
3738 10372
3738 10371
3738 10370
3738 10369
3738 10368
3738 10367
3738 10366
3738 10365
3738 10364
3738 10363
3738 10362
3738 10361
3738 10360
3738 10359
3738 10358
3738 10357
3738 10356
3738 10355
3738 10354
3738 10353
3738 10352
3738 10351
3738 10350
3738 10349
3738 10348
3738 10347
3738 10346
3738 10345
3738 10344
3738 10343
3738 10342
3738 10341
3738 10340
3738 10339
3738 10338
3738 10337
3738 10336
3738 10335
3738 10334
3738 10333
3738 10332
3738 10331
3738 10330
3738 10329
3738 10328
3738 10327
3738 10326
3738 10325
3738 10324
3738 10323
3738 10322
3738 10321
3738 10320
3738 10319
3738 10318
3738 10317
3738 10316
3738 10315
3738 10314
3738 10313
3738 10312
3738 10311
3738 10310
3738 10309
3738 10308
3738 10307
3738 10306
3738 10305
3738 10304
3738 10303
3738 10302
3738 10301
3738 10300
3738 10299
3738 10298
3738 10297
3738 10296
3738 10295
3738 10294
3738 10293
3738 10292
3738 10291
3738 10290
3738 10289
3738 10288
3738 10287
3738 10286
3738 10285
3738 10284
3738 10283
3738 10282
3738 10281
3738 10280
3738 10279
3738 10278
3738 10277
3738 10276
3738 10275
3738 10274
3738 10273
3738 10272
3738 10271
3738 10270
3738 10269
3738 10268
3738 10267
3738 10266
3738 10265
3738 10264
3738 10263
3738 10262
3738 10261
3738 10260
3738 10259
3738 10258
3738 10257
3738 10256
3738 10255
3738 10254
3738 10253
3738 10252
3738 10251
3738 10250
3738 10249
3738 10248
3738 10247
3738 10246
3738 10245
3738 10244
3738 10243
3738 10242
3738 10241
3738 10240
3738 10239
3738 10238
3738 10237
3738 10236
3738 10235
3738 10234
3738 10233
3738 10232
3738 10231
3738 10230
3738 10229
3738 10228
3738 10227
3738 10226
3738 10225
3738 10224
3738 10223
3738 10222
3738 10221
3738 10220
3738 10219
3738 10218
3738 10217
3738 10216
3738 10215
3738 10214
3738 10213
3738 10212
3738 10211
3738 10210
3738 10209
3738 10208
3738 10207
3738 10206
3738 10205
3738 10204
3738 10203
3738 10202
3738 10201
3738 10200
3738 10199
3738 10198
3738 10197
3738 10196
3738 10195
3738 10194
3738 10193
3738 10192
3738 10191
3738 10190
3738 10189
3738 10188
3738 10187
3738 10186
3738 10185
3738 10184
3738 10183
3738 10182
3738 10181
3738 10180
3738 10179
3738 10178
3738 10177
3738 10176
3738 10175
3738 10174
3738 10173
3738 10172
3738 10171
3738 10170
3738 10169
3738 10168
3738 10167
3738 10166
3738 10165
3738 10164
3738 10163
3738 10162
3738 10161
3738 10160
3738 10159
3738 10158
3738 10157
3738 10156
3738 10155
3738 10154
3738 10153
3738 10152
3738 10151
3738 10150
3738 10149
3738 10148
3738 10147
3738 10146
3738 10145
3738 10144
3738 10143
3738 10142
3738 10141
3738 10140
3738 10139
3738 10138
3738 10137
3738 10136
3738 10135
3738 10134
3738 10133
3738 10132
3738 10131
3738 10130
3738 10129
3738 10128
3738 10127
3738 10126
3738 10125
3738 10124
3738 10123
3738 10122
3738 10121
3738 10120
3738 10119
3738 10118
3738 10117
3738 10116
3738 10115
3738 10114
3738 10113
3738 10112
3738 10111
3738 10110
3738 10109
3738 10108
3738 10107
3738 10106
3738 10105
3738 10104
3738 10103
3738 10102
3738 10101
3738 10100
3738 10099
3738 10098
3738 10097
3738 10096
3738 10095
3738 10094
3738 10093
3738 10092
3738 10091
3738 10090
3738 10089
3738 10088
3738 10087
3738 10086
3738 10085
3738 10084
3738 10083
3738 10082
3738 10081
3738 10080
3738 10079
3738 10078
3738 10077
3738 10076
3738 10075
3738 10074
3738 10073
3738 10072
3738 10071
3738 10070
3738 10069
3738 10068
3738 10067
3738 10066
3738 10065
3738 10064
3738 10063
3738 10062
3738 10061
3738 10060
3738 10059
3738 10058
3738 10057
3738 10056
3738 10055
3738 10054
3738 10053
3738 10052
3738 10051
3738 10050
3738 10049
3738 10048
3738 10047
3738 10046
3738 10045
3738 10044
3738 10043
3738 10042
3738 10041
3738 10040
3738 10039
3738 10038
3738 10037
3738 10036
3738 10035
3738 10034
3738 10033
3738 10032
3738 10031
3738 10030
3738 10029
3738 10028
3738 10027
3738 10026
3738 10025
3738 10024
3738 10023
3738 10022
3738 10021
3738 10020
3738 10019
3738 10018
3738 10017
3738 10016
3738 10015
3738 10014
3738 10013
3738 10012
3738 10011
3738 10010
3738 10009
3738 10008
3738 10007
3738 10006
3738 10005
3738 10004
3738 10003
3738 10002
3738 10001
3738 10000
3738 9999
3738 9998
3738 9997
3738 9996
3738 9995
3738 9994
3738 9993
3738 9992
3738 9991
3738 9990
3738 9989
3738 9988
3738 9987
3738 9986
3738 9985
3738 9984
3738 9983
3738 9982
3738 9981
3738 9980
3738 9979
3738 9978
3738 9977
3738 9976
3738 9975
3738 9974
3738 9973
3738 9972
3738 9971
3738 9970
3738 9969
3738 9968
3738 9967
3738 9966
3738 9965
3738 9964
3738 9963
3738 9962
3738 9961
3738 9960
3738 9959
3738 9958
3738 9957
3738 9956
3738 9955
3738 9954
3738 9953
3738 9952
3738 9951
3738 9950
3738 9949
3738 9948
3738 9947
3738 9946
3738 9945
3738 9944
3738 9943
3738 9942
3738 9941
3738 9940
3738 9939
3738 9938
3738 9937
3738 9936
3738 9935
3738 9934
3738 9933
3738 9932
3738 9931
3738 9930
3738 9929
3738 9928
3738 9927
3738 9926
3738 9925
3738 9924
3738 9923
3738 9922
3738 9921
3738 9920
3738 9919
3738 9918
3738 9917
3738 9916
3738 9915
3738 9914
3738 9913
3738 9912
3738 9911
3738 9910
3738 9909
3738 9908
3738 9907
3738 9906
3738 9905
3738 9904
3738 9903
3738 9902
3738 9901
3738 9900
3738 9899
3738 9898
3738 9897
3738 9896
3738 9895
3738 9894
3738 9893
3738 9892
3738 9891
3738 9890
3738 9889
3738 9888
3738 9887
3738 9886
3738 9885
3738 9884
3738 9883
3738 9882
3738 9881
3738 9880
3738 9879
3738 9878
3738 9877
3738 9876
3738 9875
3738 9874
3738 9873
3738 9872
3738 9871
3738 9870
3738 9869
3738 9868
3738 9867
3738 9866
3738 9865
3738 9864
3738 9863
3738 9862
3738 9861
3738 9860
3738 9859
3738 9858
3738 9857
3738 9856
3738 9855
3738 9854
3738 9853
3738 9852
3738 9851
3738 9850
3738 9849
3738 9848
3738 9847
3738 9846
3738 9845
3738 9844
3738 9843
3738 9842
3738 9841
3738 9840
3738 9839
3738 9838
3738 9837
3738 9836
3738 9835
3738 9834
3738 9833
3738 9832
3738 9831
3738 9830
3738 9829
3738 9828
3738 9827
3738 9826
3738 9825
3738 9824
3738 9823
3738 9822
3738 9821
3738 9820
3738 9819
3738 9818
3738 9817
3738 9816
3738 9815
3738 9814
3738 9813
3738 9812
3738 9811
3738 9810
3738 9809
3738 9808
3738 9807
3738 9806
3738 9805
3738 9804
3738 9803
3738 9802
3738 9801
3738 9800
3738 9799
3738 9798
3738 9797
3738 9796
3738 9795
3738 9794
3738 9793
3738 9792
3738 9791
3738 9790
3738 9789
3738 9788
3738 9787
3738 9786
3738 9785
3738 9784
3738 9783
3738 9782
3738 9781
3738 9780
3738 9779
3738 9778
3738 9777
3738 9776
3738 9775
3738 9774
3738 9773
3738 9772
3738 9771
3738 9770
3738 9769
3738 9768
3738 9767
3738 9766
3738 9765
3738 9764
3738 9763
3738 9762
3738 9761
3738 9760
3738 9759
3738 9758
3738 9757
3738 9756
3738 9755
3738 9754
3738 9753
3738 9752
3738 9751
3738 9750
3738 9749
3738 9748
3738 9747
3738 9746
3738 9745
3738 9744
3738 9743
3738 9742
3738 9741
3738 9740
3738 9739
3738 9738
3738 9737
3738 9736
3738 9735
3738 9734
3738 9733
3738 9732
3738 9731
3738 9730
3738 9729
3738 9728
3738 9727
3738 9726
3738 9725
3738 9724
3738 9723
3738 9722
3738 9721
3738 9720
3738 9719
3738 9718
3738 9717
3738 9716
3738 9715
3738 9714
3738 9713
3738 9712
3738 9711
3738 9710
3738 9709
3738 9708
3738 9707
3738 9706
3738 9705
3738 9704
3738 9703
3738 9702
3738 9701
3738 9700
3738 9699
3738 9698
3738 9697
3738 9696
3738 9695
3738 9694
3738 9693
3738 9692
3738 9691
3738 9690
3738 9689
3738 9688
3738 9687
3738 9686
3738 9685
3738 9684
3738 9683
3738 9682
3738 9681
3738 9680
3738 9679
3738 9678
3738 9677
3738 9676
3738 9675
3738 9674
3738 9673
3738 9672
3738 9671
3738 9670
3738 9669
3738 9668
3738 9667
3738 9666
3738 9665
3738 9664
3738 9663
3738 9662
3738 9661
3738 9660
3738 9659
3738 9658
3738 9657
3738 9656
3738 9655
3738 9654
3738 9653
3738 9652
3738 9651
3738 9650
3738 9649
3738 9648
3738 9647
3738 9646
3738 9645
3738 9644
3738 9643
3738 9642
3738 9641
3738 9640
3738 9639
3738 9638
3738 9637
3738 9636
3738 9635
3738 9634
3738 9633
3738 9632
3738 9631
3738 9630
3738 9629
3738 9628
3738 9627
3738 9626
3738 9625
3738 9624
3738 9623
3738 9622
3738 9621
3738 9620
3738 9619
3738 9618
3738 9617
3738 9616
3738 9615
3738 9614
3738 9613
3738 9612
3738 9611
3738 9610
3738 9609
3738 9608
3738 9607
3738 9606
3738 9605
3738 9604
3738 9603
3738 9602
3738 9601
3738 9600
3738 9599
3738 9598
3738 9597
3738 9596
3738 9595
3738 9594
3738 9593
3738 9592
3738 9591
3738 9590
3738 9589
3738 9588
3738 9587
3738 9586
3738 9585
3738 9584
3738 9583
3738 9582
3738 9581
3738 9580
3738 9579
3738 9578
3738 9577
3738 9576
3738 9575
3738 9574
3738 9573
3738 9572
3738 9571
3738 9570
3738 9569
3738 9568
3738 9567
3738 9566
3738 9565
3738 9564
3738 9563
3738 9562
3738 9561
3738 9560
3738 9559
3738 9558
3738 9557
3738 9556
3738 9555
3738 9554
3738 9553
3738 9552
3738 9551
3738 9550
3738 9549
3738 9548
3738 9547
3738 9546
3738 9545
3738 9544
3738 9543
3738 9542
3738 9541
3738 9540
3738 9539
3738 9538
3738 9537
3738 9536
3738 9535
3738 9534
3738 9533
3738 9532
3738 9531
3738 9530
3738 9529
3738 9528
3738 9527
3738 9526
3738 9525
3738 9524
3738 9523
3738 9522
3738 9521
3738 9520
3738 9519
3738 9518
3738 9517
3738 9516
3738 9515
3738 9514
3738 9513
3738 9512
3738 9511
3738 9510
3738 9509
3738 9508
3738 9507
3738 9506
3738 9505
3738 9504
3738 9503
3738 9502
3738 9501
3738 9500
3738 9499
3738 9498
3738 9497
3738 9496
3738 9495
3738 9494
3738 9493
3738 9492
3738 9491
3738 9490
3738 9489
3738 9488
3738 9487
3738 9486
3738 9485
3738 9484
3738 9483
3738 9482
3738 9481
3738 9480
3738 9479
3738 9478
3738 9477
3738 9476
3738 9475
3738 9474
3738 9473
3738 9472
3738 9471
3738 9470
3738 9469
3738 9468
3738 9467
3738 9466
3738 9465
3738 9464
3738 9463
3738 9462
3738 9461
3738 9460
3738 9459
3738 9458
3738 9457
3738 9456
3738 9455
3738 9454
3738 9453
3738 9452
3738 9451
3738 9450
3738 9449
3738 9448
3738 9447
3738 9446
3738 9445
3738 9444
3738 9443
3738 9442
3738 9441
3738 9440
3738 9439
3738 9438
3738 9437
3738 9436
3738 9435
3738 9434
3738 9433
3738 9432
3738 9431
3738 9430
3738 9429
3738 9428
3738 9427
3738 9426
3738 9425
3738 9424
3738 9423
3738 9422
3738 9421
3738 9420
3738 9419
3738 9418
3738 9417
3738 9416
3738 9415
3738 9414
3738 9413
3738 9412
3738 9411
3738 9410
3738 9409
3738 9408
3738 9407
3738 9406
3738 9405
3738 9404
3738 9403
3738 9402
3738 9401
3738 9400
3738 9399
3738 9398
3738 9397
3738 9396
3738 9395
3738 9394
3738 9393
3738 9392
3738 9391
3738 9390
3738 9389
3738 9388
3738 9387
3738 9386
3738 9385
3738 9384
3738 9383
3738 9382
3738 9381
3738 9380
3738 9379
3738 9378
3738 9377
3738 9376
3738 9375
3738 9374
3738 9373
3738 9372
3738 9371
3738 9370
3738 9369
3738 9368
3738 9367
3738 9366
3738 9365
3738 9364
3738 9363
3738 9362
3738 9361
3738 9360
3738 9359
3738 9358
3738 9357
3738 9356
3738 9355
3738 9354
3738 9353
3738 9352
3738 9351
3738 9350
3738 9349
3738 9348
3738 9347
3738 9346
3738 9345
3738 9344
3738 9343
3738 9342
3738 9341
3738 9340
3738 9339
3738 9338
3738 9337
3738 9336
3738 9335
3738 9334
3738 9333
3738 9332
3738 9331
3738 9330
3738 9329
3738 9328
3738 9327
3738 9326
3738 9325
3738 9324
3738 9323
3738 9322
3738 9321
3738 9320
3738 9319
3738 9318
3738 9317
3738 9316
3738 9315
3738 9314
3738 9313
3738 9312
3738 9311
3738 9310
3738 9309
3738 9308
3738 9307
3738 9306
3738 9305
3738 9304
3738 9303
3738 9302
3738 9301
3738 9300
3738 9299
3738 9298
3738 9297
3738 9296
3738 9295
3738 9294
3738 9293
3738 9292
3738 9291
3738 9290
3738 9289
3738 9288
3738 9287
3738 9286
3738 9285
3738 9284
3738 9283
3738 9282
3738 9281
3738 9280
3738 9279
3738 9278
3738 9277
3738 9276
3738 9275
3738 9274
3738 9273
3738 9272
3738 9271
3738 9270
3738 9269
3738 9268
3738 9267
3738 9266
3738 9265
3738 9264
3738 9263
3738 9262
3738 9261
3738 9260
3738 9259
3738 9258
3738 9257
3738 9256
3738 9255
3738 9254
3738 9253
3738 9252
3738 9251
3738 9250
3738 9249
3738 9248
3738 9247
3738 9246
3738 9245
3738 9244
3738 9243
3738 9242
3738 9241
3738 9240
3738 9239
3738 9238
3738 9237
3738 9236
3738 9235
3738 9234
3738 9233
3738 9232
3738 9231
3738 9230
3738 9229
3738 9228
3738 9227
3738 9226
3738 9225
3738 9224
3738 9223
3738 9222
3738 9221
3738 9220
3738 9219
3738 9218
3738 9217
3738 9216
3738 9215
3738 9214
3738 9213
3738 9212
3738 9211
3738 9210
3738 9209
3738 9208
3738 9207
3738 9206
3738 9205
3738 9204
3738 9203
3738 9202
3738 9201
3738 9200
3738 9199
3738 9198
3738 9197
3738 9196
3738 9195
3738 9194
3738 9193
3738 9192
3738 9191
3738 9190
3738 9189
3738 9188
3738 9187
3738 9186
3738 9185
3738 9184
3738 9183
3738 9182
3738 9181
3738 9180
3738 9179
3738 9178
3738 9177
3738 9176
3738 9175
3738 9174
3738 9173
3738 9172
3738 9171
3738 9170
3738 9169
3738 9168
3738 9167
3738 9166
3738 9165
3738 9164
3738 9163
3738 9162
3738 9161
3738 9160
3738 9159
3738 9158
3738 9157
3738 9156
3738 9155
3738 9154
3738 9153
3738 9152
3738 9151
3738 9150
3738 9149
3738 9148
3738 9147
3738 9146
3738 9145
3738 9144
3738 9143
3738 9142
3738 9141
3738 9140
3738 9139
3738 9138
3738 9137
3738 9136
3738 9135
3738 9134
3738 9133
3738 9132
3738 9131
3738 9130
3738 9129
3738 9128
3738 9127
3738 9126
3738 9125
3738 9124
3738 9123
3738 9122
3738 9121
3738 9120
3738 9119
3738 9118
3738 9117
3738 9116
3738 9115
3738 9114
3738 9113
3738 9112
3738 9111
3738 9110
3738 9109
3738 9108
3738 9107
3738 9106
3738 9105
3738 9104
3738 9103
3738 9102
3738 9101
3738 9100
3738 9099
3738 9098
3738 9097
3738 9096
3738 9095
3738 9094
3738 9093
3738 9092
3738 9091
3738 9090
3738 9089
3738 9088
3738 9087
3738 9086
3738 9085
3738 9084
3738 9083
3738 9082
3738 9081
3738 9080
3738 9079
3738 9078
3738 9077
3738 9076
3738 9075
3738 9074
3738 9073
3738 9072
3738 9071
3738 9070
3738 9069
3738 9068
3738 9067
3738 9066
3738 9065
3738 9064
3738 9063
3738 9062
3738 9061
3738 9060
3738 9059
3738 9058
3738 9057
3738 9056
3738 9055
3738 9054
3738 9053
3738 9052
3738 9051
3738 9050
3738 9049
3738 9048
3738 9047
3738 9046
3738 9045
3738 9044
3738 9043
3738 9042
3738 9041
3738 9040
3738 9039
3738 9038
3738 9037
3738 9036
3738 9035
3738 9034
3738 9033
3738 9032
3738 9031
3738 9030
3738 9029
3738 9028
3738 9027
3738 9026
3738 9025
3738 9024
3738 9023
3738 9022
3738 9021
3738 9020
3738 9019
3738 9018
3738 9017
3738 9016
3738 9015
3738 9014
3738 9013
3738 9012
3738 9011
3738 9010
3738 9009
3738 9008
3738 9007
3738 9006
3738 9005
3738 9004
3738 9003
3738 9002
3738 9001
3738 9000
3738 8999
3738 8998
3738 8997
3738 8996
3738 8995
3738 8994
3738 8993
3738 8992
3738 8991
3738 8990
3738 8989
3738 8988
3738 8987
3738 8986
3738 8985
3738 8984
3738 8983
3738 8982
3738 8981
3738 8980
3738 8979
3738 8978
3738 8977
3738 8976
3738 8975
3738 8974
3738 8973
3738 8972
3738 8971
3738 8970
3738 8969
3738 8968
3738 8967
3738 8966
3738 8965
3738 8964
3738 8963
3738 8962
3738 8961
3738 8960
3738 8959
3738 8958
3738 8957
3738 8956
3738 8955
3738 8954
3738 8953
3738 8952
3738 8951
3738 8950
3738 8949
3738 8948
3738 8947
3738 8946
3738 8945
3738 8944
3738 8943
3738 8942
3738 8941
3738 8940
3738 8939
3738 8938
3738 8937
3738 8936
3738 8935
3738 8934
3738 8933
3738 8932
3738 8931
3738 8930
3738 8929
3738 8928
3738 8927
3738 8926
3738 8925
3738 8924
3738 8923
3738 8922
3738 8921
3738 8920
3738 8919
3738 8918
3738 8917
3738 8916
3738 8915
3738 8914
3738 8913
3738 8912
3738 8911
3738 8910
3738 8909
3738 8908
3738 8907
3738 8906
3738 8905
3738 8904
3738 8903
3738 8902
3738 8901
3738 8900
3738 8899
3738 8898
3738 8897
3738 8896
3738 8895
3738 8894
3738 8893
3738 8892
3738 8891
3738 8890
3738 8889
3738 8888
3738 8887
3738 8886
3738 8885
3738 8884
3738 8883
3738 8882
3738 8881
3738 8880
3738 8879
3738 8878
3738 8877
3738 8876
3738 8875
3738 8874
3738 8873
3738 8872
3737 8872
3736 8872
3735 8872
3734 8872
3734 8871
3734 8870
3734 8869
3734 8868
3734 8867
3734 8866
3734 8865
3734 8864
3734 8863
3734 8862
3734 8861
3734 8860
3734 8859
3734 8858
3734 8857
3734 8856
3734 8855
3734 8854
3734 8853
3734 8852
3734 8851
3734 8850
3734 8849
3734 8848
3734 8847
3734 8846
3734 8845
3734 8844
3734 8843
3734 8842
3734 8841
3734 8840
3734 8839
3734 8838
3734 8837
3734 8836
3734 8835
3734 8834
3734 8833
3734 8832
3734 8831
3734 8830
3734 8829
3734 8828
3734 8827
3734 8826
3734 8825
3734 8824
3734 8823
3734 8822
3734 8821
3734 8820
3734 8819
3734 8818
3734 8817
3734 8816
3734 8815
3734 8814
3734 8813
3734 8812
3734 8811
3734 8810
3734 8809
3734 8808
3734 8807
3734 8806
3734 8805
3734 8804
3734 8803
3734 8802
3734 8801
3734 8800
3734 8799
3734 8798
3734 8797
3734 8796
3734 8795
3734 8794
3734 8793
3734 8792
3734 8791
3734 8790
3734 8789
3734 8788
3734 8787
3734 8786
3734 8785
3734 8784
3734 8783
3734 8782
3734 8781
3734 8780
3734 8779
3734 8778
3734 8777
3734 8776
3734 8775
3734 8774
3734 8773
3734 8772
3734 8771
3734 8770
3734 8769
3734 8768
3734 8767
3734 8766
3734 8765
3734 8764
3734 8763
3734 8762
3734 8761
3734 8760
3734 8759
3734 8758
3734 8757
3734 8756
3734 8755
3734 8754
3734 8753
3734 8752
3734 8751
3734 8750
3734 8749
3734 8748
3734 8747
3734 8746
3734 8745
3734 8744
3734 8743
3734 8742
3734 8741
3734 8740
3734 8739
3734 8738
3734 8737
3734 8736
3734 8735
3734 8734
3734 8733
3734 8732
3734 8731
3734 8730
3734 8729
3734 8728
3734 8727
3734 8726
3734 8725
3734 8724
3734 8723
3734 8722
3734 8721
3734 8720
3734 8719
3734 8718
3734 8717
3734 8716
3734 8715
3734 8714
3734 8713
3734 8712
3734 8711
3734 8710
3734 8709
3734 8708
3734 8707
3734 8706
3734 8705
3734 8704
3734 8703
3734 8702
3734 8701
3734 8700
3734 8699
3734 8698
3734 8697
3734 8696
3734 8695
3734 8694
3734 8693
3734 8692
3734 8691
3734 8690
3734 8689
3734 8688
3734 8687
3734 8686
3734 8685
3734 8684
3734 8683
3734 8682
3734 8681
3734 8680
3734 8679
3734 8678
3734 8677
3734 8676
3734 8675
3734 8674
3734 8673
3734 8672
3734 8671
3734 8670
3734 8669
3734 8668
3734 8667
3734 8666
3734 8665
3734 8664
3734 8663
3734 8662
3734 8661
3734 8660
3734 8659
3734 8658
3734 8657
3734 8656
3734 8655
3734 8654
3734 8653
3734 8652
3734 8651
3734 8650
3734 8649
3734 8648
3734 8647
3734 8646
3734 8645
3734 8644
3734 8643
3734 8642
3734 8641
3734 8640
3734 8639
3734 8638
3734 8637
3734 8636
3734 8635
3734 8634
3734 8633
3734 8632
3734 8631
3734 8630
3734 8629
3734 8628
3734 8627
3734 8626
3734 8625
3734 8624
3734 8623
3734 8622
3734 8621
3734 8620
3734 8619
3734 8618
3734 8617
3734 8616
3734 8615
3734 8614
3734 8613
3734 8612
3734 8611
3734 8610
3734 8609
3734 8608
3734 8607
3734 8606
3734 8605
3734 8604
3734 8603
3734 8602
3734 8601
3734 8600
3734 8599
3734 8598
3734 8597
3734 8596
3734 8595
3734 8594
3734 8593
3734 8592
3734 8591
3734 8590
3734 8589
3734 8588
3734 8587
3734 8586
3734 8585
3734 8584
3734 8583
3734 8582
3734 8581
3734 8580
3734 8579
3734 8578
3734 8577
3734 8576
3734 8575
3734 8574
3734 8573
3734 8572
3734 8571
3734 8570
3734 8569
3734 8568
3734 8567
3734 8566
3734 8565
3734 8564
3734 8563
3734 8562
3734 8561
3734 8560
3734 8559
3734 8558
3734 8557
3734 8556
3734 8555
3734 8554
3734 8553
3734 8552
3734 8551
3734 8550
3734 8549
3734 8548
3734 8547
3734 8546
3734 8545
3734 8544
3734 8543
3734 8542
3734 8541
3734 8540
3734 8539
3734 8538
3734 8537
3734 8536
3734 8535
3734 8534
3734 8533
3734 8532
3734 8531
3734 8530
3734 8529
3734 8528
3734 8527
3734 8526
3734 8525
3734 8524
3734 8523
3734 8522
3734 8521
3734 8520
3734 8519
3734 8518
3734 8517
3734 8516
3734 8515
3734 8514
3734 8513
3734 8512
3734 8511
3734 8510
3734 8509
3734 8508
3734 8507
3734 8506
3734 8505
3734 8504
3734 8503
3734 8502
3734 8501
3734 8500
3734 8499
3734 8498
3734 8497
3734 8496
3734 8495
3734 8494
3734 8493
3734 8492
3734 8491
3734 8490
3734 8489
3734 8488
3734 8487
3734 8486
3734 8485
3734 8484
3734 8483
3734 8482
3734 8481
3734 8480
3734 8479
3734 8478
3734 8477
3734 8476
3734 8475
3734 8474
3734 8473
3734 8472
3734 8471
3734 8470
3734 8469
3734 8468
3734 8467
3734 8466
3734 8465
3734 8464
3734 8463
3734 8462
3734 8461
3734 8460
3734 8459
3734 8458
3734 8457
3734 8456
3734 8455
3734 8454
3734 8453
3734 8452
3734 8451
3734 8450
3734 8449
3734 8448
3734 8447
3734 8446
3734 8445
3734 8444
3734 8443
3734 8442
3734 8441
3734 8440
3734 8439
3734 8438
3734 8437
3734 8436
3734 8435
3734 8434
3734 8433
3734 8432
3734 8431
3734 8430
3734 8429
3734 8428
3734 8427
3734 8426
3734 8425
3734 8424
3734 8423
3734 8422
3734 8421
3734 8420
3734 8419
3734 8418
3734 8417
3734 8416
3734 8415
3734 8414
3734 8413
3734 8412
3734 8411
3734 8410
3734 8409
3734 8408
3734 8407
3734 8406
3734 8405
3734 8404
3734 8403
3734 8402
3734 8401
3734 8400
3734 8399
3734 8398
3734 8397
3734 8396
3734 8395
3734 8394
3734 8393
3734 8392
3734 8391
3734 8390
3734 8389
3734 8388
3734 8387
3734 8386
3734 8385
3734 8384
3734 8383
3734 8382
3734 8381
3734 8380
3734 8379
3734 8378
3734 8377
3734 8376
3734 8375
3734 8374
3734 8373
3734 8372
3734 8371
3734 8370
3734 8369
3734 8368
3734 8367
3734 8366
3734 8365
3734 8364
3734 8363
3734 8362
3734 8361
3734 8360
3734 8359
3734 8358
3734 8357
3734 8356
3734 8355
3734 8354
3734 8353
3734 8352
3734 8351
3734 8350
3734 8349
3734 8348
3734 8347
3734 8346
3734 8345
3734 8344
3734 8343
3734 8342
3734 8341
3734 8340
3734 8339
3734 8338
3734 8337
3734 8336
3734 8335
3734 8334
3734 8333
3734 8332
3734 8331
3734 8330
3734 8329
3734 8328
3734 8327
3734 8326
3734 8325
3734 8324
3734 8323
3734 8322
3734 8321
3734 8320
3734 8319
3734 8318
3734 8317
3734 8316
3734 8315
3734 8314
3734 8313
3734 8312
3734 8311
3734 8310
3734 8309
3734 8308
3734 8307
3734 8306
3734 8305
3734 8304
3734 8303
3734 8302
3734 8301
3734 8300
3734 8299
3734 8298
3734 8297
3734 8296
3734 8295
3734 8294
3734 8293
3734 8292
3734 8291
3734 8290
3734 8289
3734 8288
3734 8287
3734 8286
3734 8285
3734 8284
3734 8283
3734 8282
3734 8281
3734 8280
3734 8279
3734 8278
3734 8277
3734 8276
3734 8275
3734 8274
3734 8273
3734 8272
3734 8271
3734 8270
3734 8269
3734 8268
3734 8267
3734 8266
3734 8265
3734 8264
3734 8263
3734 8262
3734 8261
3734 8260
3734 8259
3734 8258
3734 8257
3734 8256
3734 8255
3734 8254
3734 8253
3734 8252
3734 8251
3734 8250
3734 8249
3734 8248
3734 8247
3734 8246
3734 8245
3734 8244
3734 8243
3734 8242
3734 8241
3734 8240
3734 8239
3734 8238
3734 8237
3734 8236
3734 8235
3734 8234
3734 8233
3734 8232
3734 8231
3734 8230
3734 8229
3734 8228
3734 8227
3734 8226
3734 8225
3734 8224
3734 8223
3734 8222
3734 8221
3734 8220
3734 8219
3734 8218
3734 8217
3734 8216
3734 8215
3734 8214
3734 8213
3734 8212
3734 8211
3734 8210
3734 8209
3734 8208
3734 8207
3734 8206
3734 8205
3734 8204
3734 8203
3734 8202
3734 8201
3734 8200
3734 8199
3734 8198
3734 8197
3734 8196
3734 8195
3734 8194
3734 8193
3734 8192
3734 8191
3734 8190
3734 8189
3734 8188
3734 8187
3734 8186
3734 8185
3734 8184
3734 8183
3734 8182
3734 8181
3734 8180
3734 8179
3734 8178
3734 8177
3734 8176
3734 8175
3734 8174
3734 8173
3734 8172
3734 8171
3734 8170
3734 8169
3734 8168
3734 8167
3734 8166
3734 8165
3734 8164
3734 8163
3734 8162
3734 8161
3734 8160
3734 8159
3734 8158
3734 8157
3734 8156
3734 8155
3734 8154
3734 8153
3734 8152
3734 8151
3734 8150
3734 8149
3734 8148
3734 8147
3734 8146
3734 8145
3734 8144
3734 8143
3734 8142
3734 8141
3734 8140
3734 8139
3734 8138
3734 8137
3734 8136
3734 8135
3734 8134
3734 8133
3734 8132
3734 8131
3734 8130
3734 8129
3734 8128
3734 8127
3734 8126
3734 8125
3734 8124
3734 8123
3734 8122
3734 8121
3734 8120
3734 8119
3734 8118
3734 8117
3734 8116
3734 8115
3734 8114
3734 8113
3734 8112
3734 8111
3734 8110
3734 8109
3734 8108
3734 8107
3734 8106
3734 8105
3734 8104
3734 8103
3734 8102
3734 8101
3734 8100
3734 8099
3734 8098
3734 8097
3734 8096
3734 8095
3734 8094
3734 8093
3734 8092
3734 8091
3734 8090
3734 8089
3734 8088
3734 8087
3734 8086
3734 8085
3734 8084
3734 8083
3734 8082
3734 8081
3734 8080
3734 8079
3734 8078
3734 8077
3734 8076
3734 8075
3734 8074
3734 8073
3734 8072
3734 8071
3734 8070
3734 8069
3734 8068
3734 8067
3734 8066
3734 8065
3734 8064
3734 8063
3734 8062
3734 8061
3734 8060
3734 8059
3734 8058
3734 8057
3734 8056
3734 8055
3734 8054
3734 8053
3734 8052
3734 8051
3734 8050
3734 8049
3734 8048
3734 8047
3734 8046
3734 8045
3734 8044
3734 8043
3734 8042
3734 8041
3734 8040
3734 8039
3734 8038
3734 8037
3734 8036
3734 8035
3734 8034
3734 8033
3734 8032
3734 8031
3734 8030
3734 8029
3734 8028
3734 8027
3734 8026
3734 8025
3734 8024
3734 8023
3734 8022
3734 8021
3734 8020
3734 8019
3734 8018
3734 8017
3734 8016
3734 8015
3734 8014
3734 8013
3734 8012
3734 8011
3734 8010
3734 8009
3734 8008
3734 8007
3734 8006
3734 8005
3734 8004
3734 8003
3734 8002
3734 8001
3734 8000
3734 7999
3734 7998
3734 7997
3734 7996
3734 7995
3734 7994
3734 7993
3734 7992
3734 7991
3734 7990
3734 7989
3734 7988
3734 7987
3734 7986
3734 7985
3734 7984
3734 7983
3734 7982
3734 7981
3734 7980
3734 7979
3734 7978
3734 7977
3734 7976
3734 7975
3734 7974
3734 7973
3734 7972
3734 7971
3734 7970
3734 7969
3734 7968
3734 7967
3734 7966
3734 7965
3734 7964
3734 7963
3734 7962
3734 7961
3734 7960
3734 7959
3734 7958
3734 7957
3734 7956
3734 7955
3734 7954
3734 7953
3734 7952
3734 7951
3734 7950
3734 7949
3734 7948
3734 7947
3734 7946
3734 7945
3734 7944
3734 7943
3734 7942
3734 7941
3734 7940
3734 7939
3734 7938
3734 7937
3734 7936
3734 7935
3734 7934
3734 7933
3734 7932
3734 7931
3734 7930
3734 7929
3734 7928
3734 7927
3734 7926
3734 7925
3734 7924
3734 7923
3734 7922
3734 7921
3734 7920
3734 7919
3734 7918
3734 7917
3734 7916
3734 7915
3734 7914
3734 7913
3734 7912
3734 7911
3734 7910
3734 7909
3734 7908
3734 7907
3734 7906
3734 7905
3734 7904
3734 7903
3734 7902
3734 7901
3734 7900
3734 7899
3734 7898
3734 7897
3734 7896
3734 7895
3734 7894
3734 7893
3734 7892
3734 7891
3734 7890
3734 7889
3734 7888
3734 7887
3734 7886
3734 7885
3734 7884
3734 7883
3734 7882
3734 7881
3734 7880
3734 7879
3734 7878
3734 7877
3734 7876
3734 7875
3734 7874
3734 7873
3734 7872
3734 7871
3734 7870
3734 7869
3734 7868
3734 7867
3734 7866
3734 7865
3734 7864
3734 7863
3734 7862
3734 7861
3734 7860
3734 7859
3734 7858
3734 7857
3734 7856
3734 7855
3734 7854
3734 7853
3734 7852
3734 7851
3734 7850
3734 7849
3734 7848
3734 7847
3734 7846
3734 7845
3734 7844
3734 7843
3734 7842
3734 7841
3734 7840
3734 7839
3734 7838
3734 7837
3734 7836
3734 7835
3734 7834
3734 7833
3734 7832
3734 7831
3734 7830
3734 7829
3734 7828
3734 7827
3734 7826
3734 7825
3734 7824
3734 7823
3734 7822
3734 7821
3734 7820
3734 7819
3734 7818
3734 7817
3734 7816
3734 7815
3734 7814
3734 7813
3734 7812
3734 7811
3734 7810
3734 7809
3734 7808
3734 7807
3734 7806
3734 7805
3734 7804
3734 7803
3734 7802
3734 7801
3734 7800
3734 7799
3734 7798
3734 7797
3734 7796
3734 7795
3734 7794
3734 7793
3734 7792
3734 7791
3734 7790
3734 7789
3734 7788
3734 7787
3734 7786
3734 7785
3734 7784
3734 7783
3734 7782
3734 7781
3734 7780
3734 7779
3734 7778
3734 7777
3734 7776
3734 7775
3734 7774
3734 7773
3734 7772
3734 7771
3734 7770
3734 7769
3734 7768
3734 7767
3734 7766
3734 7765
3734 7764
3734 7763
3734 7762
3734 7761
3734 7760
3734 7759
3734 7758
3734 7757
3734 7756
3734 7755
3734 7754
3734 7753
3734 7752
3734 7751
3734 7750
3734 7749
3734 7748
3734 7747
3734 7746
3734 7745
3734 7744
3734 7743
3734 7742
3734 7741
3734 7740
3734 7739
3734 7738
3734 7737
3734 7736
3734 7735
3734 7734
3734 7733
3734 7732
3734 7731
3734 7730
3734 7729
3734 7728
3734 7727
3734 7726
3734 7725
3734 7724
3734 7723
3734 7722
3734 7721
3734 7720
3734 7719
3734 7718
3734 7717
3734 7716
3734 7715
3734 7714
3734 7713
3734 7712
3734 7711
3734 7710
3734 7709
3734 7708
3734 7707
3734 7706
3734 7705
3734 7704
3734 7703
3734 7702
3734 7701
3734 7700
3734 7699
3734 7698
3734 7697
3734 7696
3734 7695
3734 7694
3734 7693
3734 7692
3734 7691
3734 7690
3734 7689
3734 7688
3734 7687
3734 7686
3734 7685
3734 7684
3734 7683
3734 7682
3734 7681
3734 7680
3734 7679
3734 7678
3734 7677
3734 7676
3734 7675
3734 7674
3734 7673
3734 7672
3734 7671
3734 7670
3734 7669
3734 7668
3734 7667
3734 7666
3734 7665
3734 7664
3734 7663
3734 7662
3734 7661
3734 7660
3734 7659
3734 7658
3734 7657
3734 7656
3734 7655
3734 7654
3734 7653
3734 7652
3734 7651
3734 7650
3734 7649
3734 7648
3734 7647
3734 7646
3734 7645
3734 7644
3734 7643
3734 7642
3734 7641
3734 7640
3734 7639
3734 7638
3734 7637
3734 7636
3734 7635
3734 7634
3734 7633
3734 7632
3734 7631
3734 7630
3734 7629
3734 7628
3734 7627
3734 7626
3734 7625
3734 7624
3734 7623
3734 7622
3734 7621
3734 7620
3734 7619
3734 7618
3734 7617
3734 7616
3734 7615
3734 7614
3734 7613
3734 7612
3734 7611
3734 7610
3734 7609
3734 7608
3734 7607
3734 7606
3734 7605
3734 7604
3734 7603
3734 7602
3734 7601
3734 7600
3734 7599
3734 7598
3734 7597
3734 7596
3734 7595
3734 7594
3734 7593
3734 7592
3734 7591
3734 7590
3734 7589
3734 7588
3734 7587
3734 7586
3734 7585
3734 7584
3734 7583
3734 7582
3734 7581
3734 7580
3734 7579
3734 7578
3734 7577
3734 7576
3734 7575
3734 7574
3734 7573
3734 7572
3734 7571
3734 7570
3734 7569
3734 7568
3734 7567
3734 7566
3734 7565
3734 7564
3734 7563
3734 7562
3734 7561
3734 7560
3734 7559
3734 7558
3734 7557
3734 7556
3734 7555
3734 7554
3734 7553
3734 7552
3734 7551
3734 7550
3734 7549
3734 7548
3734 7547
3734 7546
3734 7545
3734 7544
3734 7543
3734 7542
3734 7541
3734 7540
3734 7539
3734 7538
3734 7537
3734 7536
3734 7535
3734 7534
3734 7533
3734 7532
3734 7531
3734 7530
3734 7529
3734 7528
3734 7527
3734 7526
3734 7525
3734 7524
3734 7523
3734 7522
3734 7521
3734 7520
3734 7519
3734 7518
3734 7517
3734 7516
3734 7515
3734 7514
3734 7513
3734 7512
3734 7511
3734 7510
3734 7509
3734 7508
3734 7507
3734 7506
3734 7505
3734 7504
3734 7503
3734 7502
3734 7501
3734 7500
3734 7499
3734 7498
3734 7497
3734 7496
3734 7495
3734 7494
3734 7493
3734 7492
3734 7491
3734 7490
3734 7489
3734 7488
3734 7487
3734 7486
3734 7485
3734 7484
3734 7483
3734 7482
3734 7481
3734 7480
3734 7479
3734 7478
3734 7477
3734 7476
3734 7475
3734 7474
3734 7473
3734 7472
3734 7471
3734 7470
3734 7469
3734 7468
3734 7467
3734 7466
3734 7465
3734 7464
3734 7463
3734 7462
3734 7461
3734 7460
3734 7459
3734 7458
3734 7457
3734 7456
3734 7455
3734 7454
3734 7453
3734 7452
3734 7451
3734 7450
3734 7449
3734 7448
3734 7447
3734 7446
3734 7445
3734 7444
3734 7443
3734 7442
3734 7441
3734 7440
3734 7439
3734 7438
3734 7437
3734 7436
3734 7435
3734 7434
3734 7433
3734 7432
3734 7431
3734 7430
3734 7429
3734 7428
3734 7427
3734 7426
3734 7425
3734 7424
3734 7423
3734 7422
3734 7421
3734 7420
3734 7419
3734 7418
3734 7417
3734 7416
3734 7415
3734 7414
3734 7413
3734 7412
3734 7411
3734 7410
3734 7409
3734 7408
3734 7407
3734 7406
3734 7405
3734 7404
3734 7403
3734 7402
3734 7401
3734 7400
3734 7399
3734 7398
3734 7397
3734 7396
3734 7395
3734 7394
3734 7393
3734 7392
3734 7391
3734 7390
3734 7389
3734 7388
3734 7387
3734 7386
3734 7385
3734 7384
3734 7383
3734 7382
3734 7381
3734 7380
3734 7379
3734 7378
3734 7377
3734 7376
3734 7375
3734 7374
3734 7373
3734 7372
3734 7371
3734 7370
3734 7369
3734 7368
3734 7367
3734 7366
3734 7365
3734 7364
3734 7363
3734 7362
3734 7361
3734 7360
3734 7359
3734 7358
3734 7357
3734 7356
3734 7355
3734 7354
3734 7353
3734 7352
3734 7351
3734 7350
3734 7349
3734 7348
3734 7347
3734 7346
3734 7345
3734 7344
3734 7343
3734 7342
3734 7341
3734 7340
3734 7339
3734 7338
3734 7337
3734 7336
3734 7335
3734 7334
3734 7333
3734 7332
3734 7331
3734 7330
3734 7329
3734 7328
3734 7327
3734 7326
3734 7325
3734 7324
3734 7323
3734 7322
3734 7321
3734 7320
3734 7319
3734 7318
3734 7317
3734 7316
3734 7315
3734 7314
3734 7313
3734 7312
3734 7311
3734 7310
3734 7309
3734 7308
3734 7307
3734 7306
3734 7305
3734 7304
3734 7303
3733 7303
3732 7303
3731 7303
3730 7303
3730 7302
3730 7301
3730 7300
3730 7299
3730 7298
3730 7297
3730 7296
3730 7295
3730 7294
3730 7293
3730 7292
3730 7291
3730 7290
3730 7289
3730 7288
3730 7287
3730 7286
3730 7285
3730 7284
3730 7283
3730 7282
3730 7281
3730 7280
3730 7279
3730 7278
3730 7277
3730 7276
3730 7275
3730 7274
3730 7273
3730 7272
3730 7271
3730 7270
3730 7269
3730 7268
3730 7267
3730 7266
3730 7265
3730 7264
3730 7263
3730 7262
3730 7261
3730 7260
3730 7259
3730 7258
3730 7257
3730 7256
3730 7255
3730 7254
3730 7253
3730 7252
3730 7251
3730 7250
3730 7249
3730 7248
3730 7247
3730 7246
3730 7245
3730 7244
3730 7243
3730 7242
3730 7241
3730 7240
3730 7239
3730 7238
3730 7237
3730 7236
3730 7235
3730 7234
3730 7233
3730 7232
3730 7231
3730 7230
3730 7229
3730 7228
3730 7227
3730 7226
3730 7225
3730 7224
3730 7223
3730 7222
3730 7221
3730 7220
3730 7219
3730 7218
3730 7217
3729 7217
3728 7217
3728 7216
3728 7215
3728 7214
3728 7213
3728 7212
3728 7211
3728 7210
3728 7209
3728 7208
3728 7207
3728 7206
3728 7205
3728 7204
3728 7203
3728 7202
3728 7201
3728 7200
3728 7199
3728 7198
3728 7197
3728 7196
3728 7195
3728 7194
3728 7193
3728 7192
3728 7191
3728 7190
3728 7189
3728 7188
3728 7187
3728 7186
3728 7185
3728 7184
3728 7183
3728 7182
3728 7181
3728 7180
3728 7179
3728 7178
3728 7177
3728 7176
3728 7175
3728 7174
3728 7173
3728 7172
3728 7171
3728 7170
3728 7169
3728 7168
3728 7167
3728 7166
3728 7165
3728 7164
3728 7163
3728 7162
3728 7161
3728 7160
3728 7159
3728 7158
3728 7157
3728 7156
3728 7155
3728 7154
3728 7153
3728 7152
3728 7151
3728 7150
3728 7149
3728 7148
3728 7147
3728 7146
3728 7145
3728 7144
3728 7143
3728 7142
3728 7141
3728 7140
3728 7139
3728 7138
3728 7137
3728 7136
3728 7135
3728 7134
3728 7133
3728 7132
3728 7131
3728 7130
3728 7129
3728 7128
3728 7127
3728 7126
3728 7125
3728 7124
3728 7123
3728 7122
3728 7121
3728 7120
3728 7119
3728 7118
3728 7117
3728 7116
3728 7115
3728 7114
3728 7113
3728 7112
3728 7111
3728 7110
3728 7109
3728 7108
3728 7107
3728 7106
3728 7105
3728 7104
3728 7103
3728 7102
3728 7101
3728 7100
3728 7099
3728 7098
3728 7097
3728 7096
3728 7095
3728 7094
3728 7093
3728 7092
3728 7091
3728 7090
3728 7089
3728 7088
3728 7087
3728 7086
3728 7085
3728 7084
3728 7083
3728 7082
3728 7081
3728 7080
3728 7079
3728 7078
3728 7077
3728 7076
3728 7075
3728 7074
3728 7073
3728 7072
3728 7071
3728 7070
3728 7069
3728 7068
3728 7067
3728 7066
3728 7065
3728 7064
3728 7063
3728 7062
3728 7061
3728 7060
3728 7059
3728 7058
3728 7057
3728 7056
3728 7055
3728 7054
3728 7053
3728 7052
3728 7051
3728 7050
3728 7049
3728 7048
3728 7047
3728 7046
3728 7045
3728 7044
3728 7043
3728 7042
3728 7041
3728 7040
3728 7039
3728 7038
3728 7037
3728 7036
3728 7035
3728 7034
3728 7033
3728 7032
3728 7031
3728 7030
3728 7029
3728 7028
3728 7027
3728 7026
3728 7025
3728 7024
3728 7023
3728 7022
3728 7021
3728 7020
3728 7019
3728 7018
3728 7017
3728 7016
3728 7015
3728 7014
3728 7013
3728 7012
3728 7011
3728 7010
3728 7009
3728 7008
3728 7007
3728 7006
3728 7005
3728 7004
3728 7003
3728 7002
3728 7001
3728 7000
3728 6999
3728 6998
3728 6997
3728 6996
3728 6995
3728 6994
3728 6993
3728 6992
3728 6991
3728 6990
3728 6989
3728 6988
3728 6987
3728 6986
3728 6985
3728 6984
3728 6983
3728 6982
3728 6981
3728 6980
3728 6979
3728 6978
3728 6977
3728 6976
3728 6975
3728 6974
3728 6973
3728 6972
3728 6971
3728 6970
3728 6969
3728 6968
3728 6967
3728 6966
3728 6965
3728 6964
3728 6963
3728 6962
3728 6961
3728 6960
3728 6959
3728 6958
3728 6957
3728 6956
3728 6955
3728 6954
3728 6953
3728 6952
3728 6951
3728 6950
3728 6949
3728 6948
3728 6947
3728 6946
3728 6945
3728 6944
3728 6943
3728 6942
3728 6941
3728 6940
3728 6939
3728 6938
3728 6937
3728 6936
3728 6935
3728 6934
3728 6933
3728 6932
3728 6931
3728 6930
3728 6929
3728 6928
3728 6927
3728 6926
3728 6925
3728 6924
3728 6923
3728 6922
3728 6921
3728 6920
3728 6919
3728 6918
3728 6917
3728 6916
3728 6915
3728 6914
3728 6913
3728 6912
3728 6911
3728 6910
3728 6909
3728 6908
3728 6907
3728 6906
3728 6905
3728 6904
3728 6903
3728 6902
3728 6901
3728 6900
3728 6899
3728 6898
3728 6897
3728 6896
3728 6895
3728 6894
3728 6893
3728 6892
3728 6891
3728 6890
3728 6889
3728 6888
3728 6887
3728 6886
3728 6885
3728 6884
3728 6883
3728 6882
3728 6881
3728 6880
3728 6879
3728 6878
3728 6877
3728 6876
3728 6875
3728 6874
3728 6873
3728 6872
3728 6871
3728 6870
3728 6869
3728 6868
3728 6867
3728 6866
3728 6865
3728 6864
3728 6863
3728 6862
3728 6861
3728 6860
3728 6859
3728 6858
3728 6857
3728 6856
3728 6855
3728 6854
3728 6853
3728 6852
3728 6851
3728 6850
3728 6849
3728 6848
3728 6847
3728 6846
3728 6845
3728 6844
3728 6843
3728 6842
3728 6841
3728 6840
3728 6839
3728 6838
3728 6837
3728 6836
3728 6835
3728 6834
3728 6833
3728 6832
3728 6831
3728 6830
3728 6829
3728 6828
3728 6827
3728 6826
3728 6825
3728 6824
3728 6823
3728 6822
3728 6821
3728 6820
3728 6819
3728 6818
3728 6817
3728 6816
3728 6815
3728 6814
3728 6813
3728 6812
3728 6811
3728 6810
3728 6809
3728 6808
3728 6807
3728 6806
3728 6805
3728 6804
3728 6803
3728 6802
3728 6801
3728 6800
3728 6799
3728 6798
3728 6797
3728 6796
3728 6795
3728 6794
3728 6793
3728 6792
3728 6791
3728 6790
3728 6789
3728 6788
3728 6787
3728 6786
3728 6785
3728 6784
3728 6783
3728 6782
3728 6781
3728 6780
3728 6779
3728 6778
3728 6777
3728 6776
3728 6775
3728 6774
3728 6773
3728 6772
3728 6771
3728 6770
3728 6769
3728 6768
3728 6767
3728 6766
3728 6765
3728 6764
3728 6763
3728 6762
3728 6761
3728 6760
3728 6759
3728 6758
3728 6757
3728 6756
3728 6755
3728 6754
3728 6753
3728 6752
3728 6751
3728 6750
3728 6749
3728 6748
3728 6747
3728 6746
3728 6745
3728 6744
3728 6743
3728 6742
3728 6741
3728 6740
3728 6739
3728 6738
3728 6737
3728 6736
3728 6735
3728 6734
3728 6733
3728 6732
3728 6731
3728 6730
3728 6729
3728 6728
3728 6727
3728 6726
3728 6725
3728 6724
3728 6723
3728 6722
3728 6721
3728 6720
3728 6719
3728 6718
3728 6717
3728 6716
3728 6715
3728 6714
3728 6713
3728 6712
3728 6711
3728 6710
3728 6709
3728 6708
3728 6707
3728 6706
3728 6705
3728 6704
3728 6703
3728 6702
3728 6701
3728 6700
3728 6699
3728 6698
3728 6697
3728 6696
3728 6695
3728 6694
3728 6693
3728 6692
3728 6691
3728 6690
3728 6689
3728 6688
3728 6687
3728 6686
3728 6685
3728 6684
3728 6683
3728 6682
3728 6681
3728 6680
3728 6679
3728 6678
3728 6677
3728 6676
3728 6675
3728 6674
3728 6673
3728 6672
3728 6671
3728 6670
3728 6669
3728 6668
3728 6667
3728 6666
3728 6665
3728 6664
3728 6663
3728 6662
3728 6661
3728 6660
3728 6659
3728 6658
3728 6657
3728 6656
3728 6655
3728 6654
3728 6653
3728 6652
3728 6651
3728 6650
3728 6649
3728 6648
3728 6647
3728 6646
3728 6645
3728 6644
3728 6643
3728 6642
3728 6641
3728 6640
3728 6639
3728 6638
3728 6637
3728 6636
3728 6635
3728 6634
3728 6633
3728 6632
3728 6631
3728 6630
3728 6629
3728 6628
3728 6627
3728 6626
3728 6625
3728 6624
3728 6623
3728 6622
3728 6621
3728 6620
3728 6619
3728 6618
3728 6617
3728 6616
3728 6615
3728 6614
3728 6613
3728 6612
3728 6611
3728 6610
3728 6609
3728 6608
3728 6607
3728 6606
3728 6605
3728 6604
3728 6603
3728 6602
3728 6601
3728 6600
3728 6599
3728 6598
3728 6597
3728 6596
3728 6595
3728 6594
3728 6593
3728 6592
3728 6591
3728 6590
3728 6589
3728 6588
3728 6587
3728 6586
3728 6585
3728 6584
3728 6583
3728 6582
3728 6581
3728 6580
3728 6579
3728 6578
3728 6577
3728 6576
3728 6575
3728 6574
3728 6573
3728 6572
3728 6571
3728 6570
3728 6569
3728 6568
3728 6567
3728 6566
3728 6565
3728 6564
3728 6563
3728 6562
3728 6561
3728 6560
3728 6559
3728 6558
3728 6557
3728 6556
3728 6555
3728 6554
3728 6553
3728 6552
3728 6551
3728 6550
3728 6549
3728 6548
3728 6547
3728 6546
3728 6545
3728 6544
3728 6543
3728 6542
3728 6541
3728 6540
3728 6539
3728 6538
3728 6537
3728 6536
3728 6535
3727 6535
3726 6535
3725 6535
3724 6535
3723 6535
3722 6535
3721 6535
3720 6535
3719 6535
3718 6535
3717 6535
3716 6535
3715 6535
3714 6535
3713 6535
3712 6535
3711 6535
3710 6535
3709 6535
3708 6535
3707 6535
3706 6535
3705 6535
3704 6535
3703 6535
3702 6535
3701 6535
3700 6535
3699 6535
3698 6535
3697 6535
3696 6535
3695 6535
3694 6535
3693 6535
3692 6535
3691 6535
3690 6535
3689 6535
3688 6535
3687 6535
3686 6535
3685 6535
3684 6535
3683 6535
3682 6535
3681 6535
3680 6535
3679 6535
3678 6535
3677 6535
3676 6535
3675 6535
3674 6535
3673 6535
3672 6535
3671 6535
3670 6535
3669 6535
3668 6535
3667 6535
3666 6535
3665 6535
3664 6535
3663 6535
3662 6535
3661 6535
3660 6535
3659 6535
3658 6535
3657 6535
3656 6535
3655 6535
3654 6535
3653 6535
3652 6535
3651 6535
3650 6535
3649 6535
3648 6535
3647 6535
3646 6535
3645 6535
3644 6535
3643 6535
3642 6535
3641 6535
3640 6535
3639 6535
3638 6535
3637 6535
3636 6535
3635 6535
3634 6535
3633 6535
3632 6535
3631 6535
3630 6535
3629 6535
3628 6535
3627 6535
3626 6535
3625 6535
3624 6535
3623 6535
3622 6535
3621 6535
3620 6535
3619 6535
3618 6535
3617 6535
3616 6535
3615 6535
3614 6535
3613 6535
3612 6535
3611 6535
3610 6535
3609 6535
3608 6535
3607 6535
3606 6535
3605 6535
3604 6535
3603 6535
3602 6535
3601 6535
3600 6535
3599 6535
3598 6535
3597 6535
3596 6535
3595 6535
3594 6535
3593 6535
3592 6535
3591 6535
3590 6535
3589 6535
3588 6535
3587 6535
3586 6535
3585 6535
3584 6535
3583 6535
3582 6535
3581 6535
3580 6535
3579 6535
3578 6535
3577 6535
3576 6535
3575 6535
3574 6535
3573 6535
3572 6535
3571 6535
3570 6535
3569 6535
3568 6535
3567 6535
3566 6535
3565 6535
3564 6535
3563 6535
3562 6535
3561 6535
3560 6535
3559 6535
3558 6535
3557 6535
3556 6535
3555 6535
3554 6535
3553 6535
3552 6535
3551 6535
3550 6535
3549 6535
3548 6535
3547 6535
3546 6535
3545 6535
3544 6535
3543 6535
3542 6535
3541 6535
3540 6535
3539 6535
3538 6535
3537 6535
3536 6535
3535 6535
3534 6535
3533 6535
3532 6535
3531 6535
3530 6535
3529 6535
3528 6535
3527 6535
3526 6535
3525 6535
3524 6535
3523 6535
3522 6535
3521 6535
3520 6535
3519 6535
3518 6535
3517 6535
3516 6535
3515 6535
3514 6535
3513 6535
3512 6535
3511 6535
3510 6535
3509 6535
3508 6535
3507 6535
3506 6535
3505 6535
3504 6535
3503 6535
3502 6535
3501 6535
3500 6535
3499 6535
3498 6535
3497 6535
3496 6535
3495 6535
3494 6535
3493 6535
3492 6535
3491 6535
3490 6535
3489 6535
3488 6535
3487 6535
3486 6535
3485 6535
3484 6535
3483 6535
3482 6535
3481 6535
3480 6535
3479 6535
3478 6535
3477 6535
3476 6535
3475 6535
3474 6535
3473 6535
3472 6535
3471 6535
3470 6535
3469 6535
3468 6535
3467 6535
3466 6535
3465 6535
3464 6535
3463 6535
3462 6535
3461 6535
3460 6535
3459 6535
3458 6535
3457 6535
3456 6535
3455 6535
3454 6535
3453 6535
3452 6535
3451 6535
3450 6535
3449 6535
3448 6535
3447 6535
3446 6535
3445 6535
3444 6535
3443 6535
3442 6535
3441 6535
3440 6535
3439 6535
3438 6535
3437 6535
3436 6535
3435 6535
3434 6535
3433 6535
3432 6535
3431 6535
3430 6535
3429 6535
3428 6535
3427 6535
3426 6535
3425 6535
3424 6535
3423 6535
3422 6535
3421 6535
3420 6535
3419 6535
3418 6535
3417 6535
3416 6535
3415 6535
3414 6535
3413 6535
3412 6535
3411 6535
3410 6535
3409 6535
3408 6535
3407 6535
3406 6535
3405 6535
3404 6535
3403 6535
3402 6535
3401 6535
3400 6535
3399 6535
3398 6535
3397 6535
3396 6535
3395 6535
3394 6535
3393 6535
3392 6535
3391 6535
3390 6535
3389 6535
3388 6535
3387 6535
3386 6535
3385 6535
3384 6535
3383 6535
3382 6535
3381 6535
3380 6535
3379 6535
3378 6535
3377 6535
3376 6535
3375 6535
3374 6535
3373 6535
3372 6535
3371 6535
3370 6535
3369 6535
3368 6535
3367 6535
3366 6535
3365 6535
3364 6535
3363 6535
3362 6535
3361 6535
3360 6535
3359 6535
3358 6535
3357 6535
3356 6535
3355 6535
3354 6535
3353 6535
3352 6535
3351 6535
3350 6535
3349 6535
3348 6535
3347 6535
3346 6535
3345 6535
3344 6535
3343 6535
3342 6535
3341 6535
3340 6535
3339 6535
3338 6535
3337 6535
3336 6535
3335 6535
3334 6535
3333 6535
3332 6535
3331 6535
3330 6535
3329 6535
3328 6535
3327 6535
3326 6535
3325 6535
3324 6535
3323 6535
3322 6535
3321 6535
3320 6535
3319 6535
3318 6535
3317 6535
3316 6535
3315 6535
3314 6535
3313 6535
3312 6535
3311 6535
3310 6535
3309 6535
3308 6535
3307 6535
3306 6535
3305 6535
3304 6535
3303 6535
3302 6535
3301 6535
3300 6535
3299 6535
3298 6535
3297 6535
3296 6535
3295 6535
3294 6535
3293 6535
3292 6535
3291 6535
3290 6535
3289 6535
3288 6535
3287 6535
3286 6535
3285 6535
3284 6535
3283 6535
3282 6535
3281 6535
3280 6535
3279 6535
3278 6535
3277 6535
3276 6535
3275 6535
3274 6535
3273 6535
3272 6535
3271 6535
3270 6535
3269 6535
3268 6535
3267 6535
3266 6535
3265 6535
3264 6535
3263 6535
3262 6535
3261 6535
3260 6535
3259 6535
3258 6535
3257 6535
3256 6535
3255 6535
3254 6535
3253 6535
3252 6535
3251 6535
3250 6535
3249 6535
3248 6535
3247 6535
3246 6535
3245 6535
3244 6535
3243 6535
3242 6535
3241 6535
3240 6535
3239 6535
3238 6535
3237 6535
3236 6535
3235 6535
3234 6535
3233 6535
3232 6535
3231 6535
3230 6535
3229 6535
3228 6535
3227 6535
3226 6535
3225 6535
3224 6535
3223 6535
3222 6535
3221 6535
3220 6535
3219 6535
3218 6535
3217 6535
3216 6535
3215 6535
3214 6535
3213 6535
3212 6535
3211 6535
3210 6535
3209 6535
3208 6535
3207 6535
3206 6535
3205 6535
3204 6535
3203 6535
3202 6535
3201 6535
3200 6535
3199 6535
3198 6535
3197 6535
3196 6535
3195 6535
3194 6535
3193 6535
3192 6535
3191 6535
3190 6535
3189 6535
3188 6535
3187 6535
3186 6535
3185 6535
3184 6535
3183 6535
3182 6535
3181 6535
3180 6535
3179 6535
3178 6535
3177 6535
3176 6535
3175 6535
3174 6535
3173 6535
3172 6535
3171 6535
3170 6535
3169 6535
3168 6535
3167 6535
3166 6535
3165 6535
3164 6535
3163 6535
3162 6535
3161 6535
3160 6535
3159 6535
3158 6535
3157 6535
3156 6535
3155 6535
3154 6535
3153 6535
3152 6535
3151 6535
3150 6535
3149 6535
3148 6535
3147 6535
3146 6535
3145 6535
3144 6535
3143 6535
3142 6535
3141 6535
3140 6535
3139 6535
3138 6535
3137 6535
3136 6535
3135 6535
3134 6535
3133 6535
3132 6535
3131 6535
3130 6535
3129 6535
3128 6535
3127 6535
3126 6535
3125 6535
3124 6535
3123 6535
3122 6535
3121 6535
3120 6535
3119 6535
3118 6535
3117 6535
3116 6535
3115 6535
3114 6535
3113 6535
3112 6535
3111 6535
3110 6535
3109 6535
3108 6535
3107 6535
3106 6535
3105 6535
3104 6535
3103 6535
3102 6535
3101 6535
3100 6535
3099 6535
3098 6535
3097 6535
3096 6535
3095 6535
3094 6535
3093 6535
3092 6535
3091 6535
3090 6535
3089 6535
3088 6535
3087 6535
3086 6535
3085 6535
3084 6535
3083 6535
3082 6535
3081 6535
3080 6535
3079 6535
3078 6535
3077 6535
3076 6535
3075 6535
3074 6535
3073 6535
3072 6535
3071 6535
3070 6535
3069 6535
3068 6535
3067 6535
3066 6535
3065 6535
3064 6535
3063 6535
3062 6535
3061 6535
3060 6535
3059 6535
3058 6535
3057 6535
3056 6535
3055 6535
3054 6535
3053 6535
3052 6535
3051 6535
3050 6535
3049 6535
3048 6535
3047 6535
3046 6535
3045 6535
3044 6535
3043 6535
3042 6535
3041 6535
3040 6535
3039 6535
3038 6535
3037 6535
3036 6535
3035 6535
3034 6535
3033 6535
3032 6535
3031 6535
3030 6535
3029 6535
3028 6535
3027 6535
3026 6535
3025 6535
3024 6535
3023 6535
3022 6535
3021 6535
3020 6535
3019 6535
3018 6535
3017 6535
3016 6535
3015 6535
3014 6535
3013 6535
3012 6535
3011 6535
3010 6535
3009 6535
3008 6535
3007 6535
3006 6535
3005 6535
3004 6535
3003 6535
3002 6535
3001 6535
3000 6535
2999 6535
2998 6535
2997 6535
2996 6535
2995 6535
2994 6535
2993 6535
2992 6535
2991 6535
2990 6535
2989 6535
2988 6535
2987 6535
2986 6535
2985 6535
2984 6535
2983 6535
2982 6535
2981 6535
2980 6535
2979 6535
2978 6535
2977 6535
2976 6535
2975 6535
2974 6535
2973 6535
2972 6535
2971 6535
2970 6535
2969 6535
2968 6535
2967 6535
2966 6535
2965 6535
2964 6535
2963 6535
2962 6535
2961 6535
2960 6535
2959 6535
2958 6535
2957 6535
2956 6535
2955 6535
2954 6535
2953 6535
2952 6535
2951 6535
2950 6535
2949 6535
2948 6535
2947 6535
2946 6535
2945 6535
2944 6535
2943 6535
2942 6535
2941 6535
2940 6535
2939 6535
2938 6535
2937 6535
2936 6535
2935 6535
2934 6535
2933 6535
2932 6535
2931 6535
2930 6535
2929 6535
2928 6535
2927 6535
2926 6535
2925 6535
2924 6535
2923 6535
2922 6535
2921 6535
2920 6535
2919 6535
2918 6535
2917 6535
2916 6535
2915 6535
2914 6535
2913 6535
2912 6535
2911 6535
2910 6535
2909 6535
2908 6535
2907 6535
2906 6535
2905 6535
2904 6535
2903 6535
2902 6535
2901 6535
2900 6535
2899 6535
2898 6535
2897 6535
2896 6535
2895 6535
2894 6535
2893 6535
2892 6535
2891 6535
2890 6535
2889 6535
2888 6535
2887 6535
2886 6535
2885 6535
2884 6535
2883 6535
2882 6535
2881 6535
2880 6535
2879 6535
2878 6535
2877 6535
2876 6535
2875 6535
2874 6535
2873 6535
2872 6535
2871 6535
2870 6535
2869 6535
2868 6535
2867 6535
2866 6535
2865 6535
2864 6535
2863 6535
2862 6535
2861 6535
2860 6535
2859 6535
2858 6535
2857 6535
2856 6535
2855 6535
2854 6535
2853 6535
2852 6535
2851 6535
2850 6535
2849 6535
2848 6535
2847 6535
2846 6535
2845 6535
2844 6535
2843 6535
2842 6535
2841 6535
2840 6535
2839 6535
2838 6535
2837 6535
2836 6535
2835 6535
2834 6535
2833 6535
2832 6535
2831 6535
2830 6535
2829 6535
2828 6535
2827 6535
2826 6535
2825 6535
2824 6535
2823 6535
2822 6535
2821 6535
2820 6535
2819 6535
2818 6535
2817 6535
2816 6535
2815 6535
2814 6535
2813 6535
2812 6535
2811 6535
2810 6535
2809 6535
2808 6535
2807 6535
2806 6535
2805 6535
2804 6535
2803 6535
2802 6535
2801 6535
2800 6535
2799 6535
2798 6535
2797 6535
2796 6535
2795 6535
2794 6535
2793 6535
2792 6535
2791 6535
2790 6535
2789 6535
2788 6535
2787 6535
2786 6535
2785 6535
2784 6535
2783 6535
2782 6535
2781 6535
2780 6535
2779 6535
2778 6535
2777 6535
2776 6535
2775 6535
2774 6535
2773 6535
2772 6535
2771 6535
2770 6535
2769 6535
2768 6535
2767 6535
2766 6535
2765 6535
2764 6535
2763 6535
2762 6535
2761 6535
2760 6535
2759 6535
2758 6535
2757 6535
2756 6535
2755 6535
2754 6535
2753 6535
2752 6535
2751 6535
2750 6535
2749 6535
2748 6535
2747 6535
2746 6535
2745 6535
2744 6535
2743 6535
2742 6535
2741 6535
2740 6535
2739 6535
2738 6535
2737 6535
2736 6535
2735 6535
2734 6535
2733 6535
2732 6535
2731 6535
2730 6535
2729 6535
2728 6535
2727 6535
2726 6535
2725 6535
2724 6535
2723 6535
2722 6535
2721 6535
2720 6535
2719 6535
2718 6535
2717 6535
2716 6535
2715 6535
2714 6535
2713 6535
2712 6535
2711 6535
2710 6535
2709 6535
2708 6535
2707 6535
2706 6535
2705 6535
2704 6535
2703 6535
2702 6535
2701 6535
2700 6535
2699 6535
2698 6535
2697 6535
2696 6535
2695 6535
2694 6535
2693 6535
2692 6535
2691 6535
2690 6535
2689 6535
2688 6535
2687 6535
2686 6535
2685 6535
2684 6535
2683 6535
2682 6535
2681 6535
2680 6535
2679 6535
2678 6535
2677 6535
2676 6535
2675 6535
2674 6535
2673 6535
2672 6535
2671 6535
2670 6535
2669 6535
2668 6535
2667 6535
2666 6535
2665 6535
2664 6535
2663 6535
2662 6535
2661 6535
2660 6535
2659 6535
2658 6535
2657 6535
2656 6535
2655 6535
2654 6535
2653 6535
2652 6535
2651 6535
2650 6535
2649 6535
2648 6535
2647 6535
2646 6535
2645 6535
2644 6535
2643 6535
2642 6535
2641 6535
2640 6535
2639 6535
2638 6535
2637 6535
2636 6535
2635 6535
2634 6535
2633 6535
2632 6535
2631 6535
2630 6535
2629 6535
2628 6535
2627 6535
2626 6535
2625 6535
2624 6535
2623 6535
2622 6535
2621 6535
2620 6535
2619 6535
2618 6535
2617 6535
2616 6535
2615 6535
2614 6535
2613 6535
2612 6535
2611 6535
2610 6535
2609 6535
2608 6535
2607 6535
2606 6535
2605 6535
2604 6535
2603 6535
2602 6535
2601 6535
2600 6535
2599 6535
2598 6535
2597 6535
2596 6535
2595 6535
2594 6535
2593 6535
2592 6535
2591 6535
2590 6535
2589 6535
2588 6535
2587 6535
2586 6535
2585 6535
2584 6535
2583 6535
2582 6535
2581 6535
2580 6535
2579 6535
2578 6535
2577 6535
2576 6535
2575 6535
2574 6535
2573 6535
2572 6535
2571 6535
2570 6535
2569 6535
2568 6535
2567 6535
2566 6535
2565 6535
2564 6535
2563 6535
2562 6535
2561 6535
2560 6535
2559 6535
2558 6535
2557 6535
2556 6535
2555 6535
2554 6535
2553 6535
2552 6535
2551 6535
2550 6535
2549 6535
2548 6535
2547 6535
2546 6535
2545 6535
2544 6535
2543 6535
2542 6535
2541 6535
2540 6535
2539 6535
2538 6535
2537 6535
2536 6535
2535 6535
2534 6535
2533 6535
2532 6535
2531 6535
2530 6535
2529 6535
2528 6535
2527 6535
2526 6535
2525 6535
2524 6535
2523 6535
2522 6535
2521 6535
2520 6535
2519 6535
2518 6535
2517 6535
2516 6535
2515 6535
2514 6535
2513 6535
2512 6535
2511 6535
2510 6535
2509 6535
2508 6535
2507 6535
2506 6535
2505 6535
2504 6535
2503 6535
2502 6535
2501 6535
2500 6535
2499 6535
2498 6535
2497 6535
2496 6535
2495 6535
2494 6535
2493 6535
2492 6535
2491 6535
2490 6535
2489 6535
2488 6535
2487 6535
2486 6535
2485 6535
2484 6535
2483 6535
2482 6535
2481 6535
2480 6535
2479 6535
2478 6535
2477 6535
2476 6535
2475 6535
2474 6535
2473 6535
2472 6535
2471 6535
2470 6535
2469 6535
2468 6535
2467 6535
2466 6535
2465 6535
2464 6535
2463 6535
2462 6535
2461 6535
2460 6535
2459 6535
2458 6535
2457 6535
2456 6535
2455 6535
2454 6535
2453 6535
2452 6535
2451 6535
2450 6535
2449 6535
2448 6535
2447 6535
2446 6535
2445 6535
2444 6535
2443 6535
2442 6535
2441 6535
2440 6535
2439 6535
2438 6535
2437 6535
2436 6535
2435 6535
2434 6535
2433 6535
2432 6535
2431 6535
2430 6535
2429 6535
2428 6535
2427 6535
2426 6535
2425 6535
2424 6535
2423 6535
2422 6535
2421 6535
2420 6535
2419 6535
2418 6535
2417 6535
2416 6535
2415 6535
2414 6535
2413 6535
2412 6535
2411 6535
2410 6535
2409 6535
2408 6535
2407 6535
2406 6535
2405 6535
2404 6535
2403 6535
2402 6535
2401 6535
2400 6535
2399 6535
2398 6535
2397 6535
2396 6535
2395 6535
2394 6535
2393 6535
2392 6535
2391 6535
2390 6535
2389 6535
2388 6535
2387 6535
2386 6535
2385 6535
2384 6535
2383 6535
2382 6535
2381 6535
2380 6535
2379 6535
2378 6535
2377 6535
2376 6535
2375 6535
2374 6535
2373 6535
2372 6535
2371 6535
2370 6535
2369 6535
2368 6535
2367 6535
2366 6535
2365 6535
2364 6535
2363 6535
2362 6535
2361 6535
2360 6535
2359 6535
2358 6535
2357 6535
2356 6535
2355 6535
2354 6535
2353 6535
2352 6535
2351 6535
2350 6535
2349 6535
2348 6535
2347 6535
2346 6535
2345 6535
2344 6535
2343 6535
2342 6535
2341 6535
2340 6535
2339 6535
2338 6535
2337 6535
2336 6535
2335 6535
2334 6535
2333 6535
2332 6535
2331 6535
2330 6535
2329 6535
2328 6535
2327 6535
2326 6535
2325 6535
2324 6535
2323 6535
2322 6535
2321 6535
2320 6535
2319 6535
2318 6535
2317 6535
2316 6535
2315 6535
2314 6535
2313 6535
2312 6535
2311 6535
2310 6535
2309 6535
2308 6535
2307 6535
2306 6535
2305 6535
2304 6535
2303 6535
2302 6535
2301 6535
2300 6535
2299 6535
2298 6535
2297 6535
2296 6535
2295 6535
2294 6535
2293 6535
2292 6535
2291 6535
2290 6535
2289 6535
2288 6535
2287 6535
2286 6535
2285 6535
2284 6535
2283 6535
2282 6535
2281 6535
2280 6535
2279 6535
2278 6535
2277 6535
2276 6535
2275 6535
2274 6535
2273 6535
2272 6535
2271 6535
2270 6535
2269 6535
2268 6535
2267 6535
2266 6535
2265 6535
2264 6535
2263 6535
2262 6535
2261 6535
2260 6535
2259 6535
2258 6535
2257 6535
2256 6535
2255 6535
2254 6535
2253 6535
2252 6535
2251 6535
2250 6535
2249 6535
2248 6535
2247 6535
2246 6535
2245 6535
2244 6535
2243 6535
2242 6535
2241 6535
2240 6535
2239 6535
2238 6535
2237 6535
2236 6535
2235 6535
2234 6535
2233 6535
2232 6535
2231 6535
2230 6535
2229 6535
2228 6535
2227 6535
2226 6535
2225 6535
2224 6535
2223 6535
2222 6535
2221 6535
2220 6535
2219 6535
2218 6535
2217 6535
2216 6535
2215 6535
2214 6535
2213 6535
2212 6535
2211 6535
2210 6535
2209 6535
2208 6535
2207 6535
2206 6535
2205 6535
2204 6535
2203 6535
2202 6535
2201 6535
2200 6535
2199 6535
2198 6535
2197 6535
2196 6535
2195 6535
2194 6535
2193 6535
2192 6535
2191 6535
2190 6535
2189 6535
2188 6535
2187 6535
2186 6535
2185 6535
2184 6535
2183 6535
2182 6535
2181 6535
2180 6535
2179 6535
2178 6535
2177 6535
2176 6535
2175 6535
2174 6535
2173 6535
2172 6535
2171 6535
2170 6535
2169 6535
2168 6535
2167 6535
2166 6535
2165 6535
2164 6535
2163 6535
2162 6535
2161 6535
2160 6535
2159 6535
2158 6535
2157 6535
2156 6535
2155 6535
2154 6535
2153 6535
2152 6535
2151 6535
2150 6535
2149 6535
2148 6535
2147 6535
2146 6535
2145 6535
2144 6535
2143 6535
2142 6535
2141 6535
2140 6535
2139 6535
2138 6535
2137 6535
2136 6535
2135 6535
2134 6535
2133 6535
2132 6535
2131 6535
2130 6535
2129 6535
2128 6535
2127 6535
2126 6535
2125 6535
2124 6535
2123 6535
2122 6535
2121 6535
2120 6535
2119 6535
2118 6535
2117 6535
2116 6535
2115 6535
2114 6535
2113 6535
2112 6535
2111 6535
2110 6535
2109 6535
2108 6535
2107 6535
2106 6535
2105 6535
2104 6535
2103 6535
2102 6535
2101 6535
2100 6535
2099 6535
2098 6535
2097 6535
2096 6535
2095 6535
2094 6535
2093 6535
2092 6535
2091 6535
2090 6535
2089 6535
2088 6535
2087 6535
2086 6535
2085 6535
2084 6535
2083 6535
2082 6535
2081 6535
2080 6535
2079 6535
2078 6535
2077 6535
2076 6535
2075 6535
2074 6535
2073 6535
2072 6535
2071 6535
2070 6535
2069 6535
2068 6535
2067 6535
2066 6535
2065 6535
2064 6535
2063 6535
2062 6535
2061 6535
2060 6535
2059 6535
2058 6535
2057 6535
2056 6535
2055 6535
2054 6535
2053 6535
2052 6535
2051 6535
2050 6535
2049 6535
2048 6535
2047 6535
2046 6535
2045 6535
2044 6535
2043 6535
2042 6535
2041 6535
2040 6535
2039 6535
2038 6535
2037 6535
2036 6535
2035 6535
2034 6535
2033 6535
2032 6535
2031 6535
2030 6535
2029 6535
2028 6535
2027 6535
2026 6535
2025 6535
2024 6535
2023 6535
2022 6535
2021 6535
2020 6535
2019 6535
2018 6535
2017 6535
2016 6535
2015 6535
2014 6535
2013 6535
2012 6535
2011 6535
2010 6535
2009 6535
2008 6535
2007 6535
2006 6535
2005 6535
2004 6535
2003 6535
2002 6535
2001 6535
2000 6535
1999 6535
1998 6535
1997 6535
1996 6535
1995 6535
1994 6535
1993 6535
1992 6535
1991 6535
1990 6535
1989 6535
1988 6535
1987 6535
1986 6535
1985 6535
1984 6535
1983 6535
1982 6535
1981 6535
1980 6535
1979 6535
1978 6535
1977 6535
1976 6535
1975 6535
1974 6535
1973 6535
1972 6535
1971 6535
1970 6535
1969 6535
1968 6535
1967 6535
1966 6535
1965 6535
1964 6535
1963 6535
1962 6535
1961 6535
1960 6535
1959 6535
1958 6535
1957 6535
1956 6535
1955 6535
1954 6535
1953 6535
1952 6535
1951 6535
1950 6535
1949 6535
1948 6535
1947 6535
1946 6535
1945 6535
1944 6535
1943 6535
1942 6535
1941 6535
1940 6535
1939 6535
1938 6535
1937 6535
1936 6535
1935 6535
1934 6535
1933 6535
1932 6535
1931 6535
1930 6535
1929 6535
1928 6535
1927 6535
1926 6535
1925 6535
1924 6535
1923 6535
1922 6535
1921 6535
1920 6535
1919 6535
1918 6535
1917 6535
1916 6535
1915 6535
1914 6535
1913 6535
1912 6535
1911 6535
1910 6535
1909 6535
1908 6535
1907 6535
1906 6535
1905 6535
1904 6535
1903 6535
1902 6535
1901 6535
1900 6535
1899 6535
1898 6535
1897 6535
1896 6535
1895 6535
1894 6535
1893 6535
1892 6535
1891 6535
1890 6535
1889 6535
1888 6535
1887 6535
1886 6535
1885 6535
1884 6535
1883 6535
1882 6535
1881 6535
1880 6535
1879 6535
1878 6535
1877 6535
1876 6535
1875 6535
1874 6535
1873 6535
1872 6535
1871 6535
1870 6535
1869 6535
1868 6535
1867 6535
1866 6535
1865 6535
1864 6535
1863 6535
1862 6535
1861 6535
1860 6535
1859 6535
1858 6535
1857 6535
1856 6535
1855 6535
1854 6535
1853 6535
1852 6535
1851 6535
1850 6535
1849 6535
1848 6535
1847 6535
1846 6535
1845 6535
1844 6535
1843 6535
1842 6535
1841 6535
1840 6535
1839 6535
1838 6535
1837 6535
1836 6535
1835 6535
1834 6535
1833 6535
1832 6535
1831 6535
1830 6535
1829 6535
1828 6535
1827 6535
1826 6535
1825 6535
1824 6535
1823 6535
1822 6535
1821 6535
1820 6535
1819 6535
1818 6535
1817 6535
1816 6535
1815 6535
1814 6535
1813 6535
1812 6535
1811 6535
1810 6535
1809 6535
1808 6535
1807 6535
1806 6535
1805 6535
1804 6535
1803 6535
1802 6535
1801 6535
1800 6535
1799 6535
1798 6535
1797 6535
1796 6535
1795 6535
1794 6535
1793 6535
1792 6535
1791 6535
1790 6535
1789 6535
1788 6535
1787 6535
1786 6535
1785 6535
1784 6535
1783 6535
1782 6535
1781 6535
1780 6535
1779 6535
1778 6535
1777 6535
1776 6535
1775 6535
1774 6535
1773 6535
1772 6535
1771 6535
1770 6535
1769 6535
1768 6535
1767 6535
1766 6535
1765 6535
1764 6535
1763 6535
1762 6535
1761 6535
1760 6535
1759 6535
1758 6535
1757 6535
1756 6535
1755 6535
1754 6535
1753 6535
1752 6535
1751 6535
1750 6535
1749 6535
1748 6535
1747 6535
1746 6535
1745 6535
1744 6535
1743 6535
1742 6535
1741 6535
1740 6535
1739 6535
1738 6535
1737 6535
1736 6535
1735 6535
1734 6535
1733 6535
1732 6535
1731 6535
1730 6535
1729 6535
1728 6535
1727 6535
1726 6535
1725 6535
1724 6535
1723 6535
1722 6535
1721 6535
1720 6535
1719 6535
1718 6535
1717 6535
1716 6535
1715 6535
1714 6535
1713 6535
1712 6535
1711 6535
1710 6535
1709 6535
1708 6535
1707 6535
1706 6535
1705 6535
1704 6535
1703 6535
1702 6535
1701 6535
1700 6535
1699 6535
1698 6535
1697 6535
1696 6535
1695 6535
1694 6535
1693 6535
1692 6535
1691 6535
1690 6535
1689 6535
1688 6535
1687 6535
1686 6535
1685 6535
1684 6535
1683 6535
1682 6535
1681 6535
1680 6535
1679 6535
1678 6535
1677 6535
1676 6535
1675 6535
1674 6535
1673 6535
1672 6535
1671 6535
1670 6535
1669 6535
1668 6535
1667 6535
1666 6535
1665 6535
1664 6535
1663 6535
1662 6535
1661 6535
1660 6535
1659 6535
1658 6535
1657 6535
1656 6535
1655 6535
1654 6535
1653 6535
1652 6535
1651 6535
1650 6535
1649 6535
1648 6535
1647 6535
1646 6535
1645 6535
1644 6535
1643 6535
1642 6535
1641 6535
1640 6535
1639 6535
1638 6535
1637 6535
1636 6535
1635 6535
1634 6535
1633 6535
1632 6535
1631 6535
1630 6535
1629 6535
1628 6535
1627 6535
1626 6535
1625 6535
1624 6535
1623 6535
1622 6535
1621 6535
1620 6535
1619 6535
1618 6535
1617 6535
1616 6535
1615 6535
1614 6535
1613 6535
1612 6535
1611 6535
1610 6535
1609 6535
1608 6535
1607 6535
1606 6535
1605 6535
1604 6535
1603 6535
1602 6535
1601 6535
1600 6535
1599 6535
1598 6535
1597 6535
1596 6535
1595 6535
1594 6535
1593 6535
1592 6535
1591 6535
1590 6535
1589 6535
1588 6535
1587 6535
1586 6535
1585 6535
1584 6535
1583 6535
1582 6535
1581 6535
1580 6535
1579 6535
1578 6535
1577 6535
1576 6535
1575 6535
1574 6535
1573 6535
1572 6535
1571 6535
1570 6535
1569 6535
1568 6535
1567 6535
1566 6535
1565 6535
1564 6535
1563 6535
1562 6535
1561 6535
1560 6535
1559 6535
1558 6535
1557 6535
1556 6535
1555 6535
1554 6535
1553 6535
1552 6535
1551 6535
1550 6535
1549 6535
1548 6535
1547 6535
1546 6535
1545 6535
1544 6535
1543 6535
1542 6535
1541 6535
1540 6535
1539 6535
1538 6535
1537 6535
1536 6535
1535 6535
1534 6535
1533 6535
1532 6535
1531 6535
1530 6535
1529 6535
1528 6535
1527 6535
1526 6535
1525 6535
1524 6535
1523 6535
1522 6535
1521 6535
1520 6535
1519 6535
1518 6535
1517 6535
1516 6535
1515 6535
1514 6535
1513 6535
1512 6535
1511 6535
1510 6535
1509 6535
1508 6535
1507 6535
1506 6535
1505 6535
1504 6535
1503 6535
1502 6535
1501 6535
1500 6535
1499 6535
1498 6535
1497 6535
1496 6535
1495 6535
1494 6535
1493 6535
1492 6535
1491 6535
1490 6535
1489 6535
1488 6535
1487 6535
1486 6535
1485 6535
1484 6535
1483 6535
1482 6535
1481 6535
1480 6535
1479 6535
1478 6535
1477 6535
1476 6535
1475 6535
1474 6535
1473 6535
1472 6535
1471 6535
1470 6535
1469 6535
1468 6535
1467 6535
1466 6535
1465 6535
1464 6535
1463 6535
1462 6535
1461 6535
1460 6535
1459 6535
1458 6535
1457 6535
1456 6535
1455 6535
1454 6535
1453 6535
1452 6535
1451 6535
1450 6535
1449 6535
1448 6535
1447 6535
1446 6535
1445 6535
1444 6535
1443 6535
1442 6535
1441 6535
1440 6535
1439 6535
1438 6535
1437 6535
1436 6535
1435 6535
1434 6535
1433 6535
1432 6535
1431 6535
1430 6535
1429 6535
1428 6535
1427 6535
1426 6535
1425 6535
1424 6535
1423 6535
1422 6535
1421 6535
1420 6535
1419 6535
1418 6535
1417 6535
1416 6535
1415 6535
1414 6535
1413 6535
1412 6535
1411 6535
1410 6535
1409 6535
1408 6535
1407 6535
1406 6535
1405 6535
1404 6535
1403 6535
1402 6535
1401 6535
1400 6535
1399 6535
1398 6535
1397 6535
1396 6535
1395 6535
1394 6535
1393 6535
1392 6535
1391 6535
1390 6535
1389 6535
1388 6535
1387 6535
1386 6535
1385 6535
1384 6535
1383 6535
1382 6535
1381 6535
1380 6535
1379 6535
1378 6535
1377 6535
1376 6535
1375 6535
1374 6535
1373 6535
1372 6535
1371 6535
1370 6535
1369 6535
1368 6535
1367 6535
1366 6535
1365 6535
1364 6535
1363 6535
1362 6535
1361 6535
1360 6535
1359 6535
1358 6535
1357 6535
1356 6535
1355 6535
1354 6535
1353 6535
1352 6535
1351 6535
1350 6535
1349 6535
1348 6535
1347 6535
1346 6535
1345 6535
1344 6535
1343 6535
1342 6535
1341 6535
1340 6535
1339 6535
1338 6535
1337 6535
1336 6535
1335 6535
1334 6535
1333 6535
1332 6535
1331 6535
1330 6535
1329 6535
1328 6535
1327 6535
1326 6535
1325 6535
1324 6535
1323 6535
1322 6535
1321 6535
1320 6535
1319 6535
1318 6535
1317 6535
1316 6535
1315 6535
1314 6535
1313 6535
1312 6535
1311 6535
1310 6535
1309 6535
1308 6535
1307 6535
1306 6535
1305 6535
1304 6535
1303 6535
1302 6535
1301 6535
1300 6535
1299 6535
1298 6535
1297 6535
1296 6535
1295 6535
1294 6535
1293 6535
1292 6535
1291 6535
1290 6535
1289 6535
1288 6535
1287 6535
1286 6535
1285 6535
1284 6535
1283 6535
1282 6535
1281 6535
1280 6535
1279 6535
1278 6535
1277 6535
1276 6535
1275 6535
1274 6535
1273 6535
1272 6535
1271 6535
1270 6535
1269 6535
1268 6535
1267 6535
1266 6535
1265 6535
1264 6535
1263 6535
1262 6535
1261 6535
1260 6535
1259 6535
1258 6535
1257 6535
1256 6535
1255 6535
1254 6535
1253 6535
1252 6535
1251 6535
1250 6535
1249 6535
1248 6535
1247 6535
1246 6535
1245 6535
1244 6535
1243 6535
1242 6535
1241 6535
1240 6535
1239 6535
1238 6535
1237 6535
1236 6535
1235 6535
1234 6535
1233 6535
1232 6535
1231 6535
1230 6535
1229 6535
1228 6535
1227 6535
1226 6535
1225 6535
1224 6535
1223 6535
1222 6535
1221 6535
1220 6535
1219 6535
1218 6535
1217 6535
1216 6535
1215 6535
1214 6535
1213 6535
1212 6535
1211 6535
1210 6535
1209 6535
1208 6535
1207 6535
1206 6535
1205 6535
1204 6535
1203 6535
1202 6535
1201 6535
1200 6535
1199 6535
1198 6535
1197 6535
1196 6535
1195 6535
1194 6535
1193 6535
1192 6535
1191 6535
1190 6535
1189 6535
1188 6535
1187 6535
1186 6535
1185 6535
1184 6535
1183 6535
1182 6535
1181 6535
1180 6535
1179 6535
1178 6535
1177 6535
1176 6535
1175 6535
1174 6535
1173 6535
1172 6535
1171 6535
1170 6535
1169 6535
1168 6535
1167 6535
1166 6535
1165 6535
1164 6535
1163 6535
1162 6535
1161 6535
1160 6535
1159 6535
1158 6535
1157 6535
1156 6535
1155 6535
1154 6535
1153 6535
1152 6535
1151 6535
1150 6535
1149 6535
1148 6535
1147 6535
1146 6535
1145 6535
1144 6535
1143 6535
1142 6535
1141 6535
1140 6535
1139 6535
1138 6535
1137 6535
1136 6535
1135 6535
1134 6535
1133 6535
1132 6535
1131 6535
1130 6535
1129 6535
1128 6535
1127 6535
1126 6535
1125 6535
1124 6535
1123 6535
1122 6535
1121 6535
1120 6535
1119 6535
1118 6535
1117 6535
1116 6535
1115 6535
1114 6535
1113 6535
1112 6535
1111 6535
1110 6535
1109 6535
1108 6535
1107 6535
1106 6535
1105 6535
1104 6535
1103 6535
1102 6535
1101 6535
1100 6535
1100 6534
1099 6534
1098 6534
1097 6534
1096 6534
1095 6534
1094 6534
1093 6534
1092 6534
1091 6534
1090 6534
1089 6534
1088 6534
1087 6534
1086 6534
1085 6534
1084 6534
1083 6534
1082 6534
1081 6534
1080 6534
1079 6534
1078 6534
1077 6534
1076 6534
1075 6534
1074 6534
1073 6534
1072 6534
1071 6534
1070 6534
1069 6534
1068 6534
1067 6534
1066 6534
1065 6534
1064 6534
1063 6534
1062 6534
1061 6534
1060 6534
1059 6534
1058 6534
1057 6534
1056 6534
1055 6534
1054 6534
1053 6534
1052 6534
1051 6534
1050 6534
1049 6534
1048 6534
1047 6534
1046 6534
1045 6534
1044 6534
1043 6534
1042 6534
1041 6534
1040 6534
1039 6534
1038 6534
1037 6534
1036 6534
1035 6534
1034 6534
1033 6534
1032 6534
1031 6534
1030 6534
1029 6534
1028 6534
1027 6534
1026 6534
1025 6534
1024 6534
1023 6534
1022 6534
1021 6534
1020 6534
1019 6534
1018 6534
1017 6534
1016 6534
1015 6534
1014 6534
1013 6534
1012 6534
1011 6534
1010 6534
1009 6534
1008 6534
1007 6534
1006 6534
1005 6534
1004 6534
1003 6534
1002 6534
1001 6534
1000 6534
999 6534
998 6534
997 6534
996 6534
995 6534
994 6534
993 6534
992 6534
991 6534
990 6534
989 6534
988 6534
987 6534
986 6534
985 6534
984 6534
983 6534
982 6534
981 6534
980 6534
979 6534
978 6534
977 6534
976 6534
975 6534
974 6534
973 6534
972 6534
971 6534
970 6534
969 6534
968 6534
967 6534
966 6534
965 6534
964 6534
963 6534
962 6534
961 6534
960 6534
959 6534
958 6534
957 6534
956 6534
955 6534
954 6534
953 6534
952 6534
951 6534
950 6534
949 6534
948 6534
947 6534
946 6534
945 6534
944 6534
943 6534
942 6534
941 6534
940 6534
939 6534
938 6534
937 6534
936 6534
935 6534
934 6534
933 6534
932 6534
931 6534
930 6534
929 6534
928 6534
927 6534
926 6534
925 6534
924 6534
923 6534
922 6534
921 6534
920 6534
919 6534
918 6534
917 6534
916 6534
915 6534
914 6534
913 6534
912 6534
911 6534
910 6534
909 6534
908 6534
907 6534
906 6534
905 6534
904 6534
903 6534
902 6534
901 6534
900 6534
899 6534
898 6534
897 6534
896 6534
895 6534
894 6534
893 6534
892 6534
891 6534
890 6534
889 6534
888 6534
887 6534
886 6534
885 6534
884 6534
883 6534
882 6534
881 6534
880 6534
879 6534
878 6534
877 6534
876 6534
875 6534
874 6534
873 6534
872 6534
871 6534
870 6534
869 6534
868 6534
867 6534
866 6534
865 6534
864 6534
863 6534
862 6534
861 6534
860 6534
859 6534
858 6534
857 6534
856 6534
855 6534
854 6534
853 6534
852 6534
851 6534
850 6534
849 6534
848 6534
847 6534
846 6534
845 6534
844 6534
843 6534
842 6534
841 6534
840 6534
839 6534
838 6534
837 6534
836 6534
835 6534
834 6534
833 6534
832 6534
831 6534
830 6534
829 6534
828 6534
827 6534
826 6534
825 6534
824 6534
823 6534
822 6534
821 6534
820 6534
819 6534
818 6534
817 6534
816 6534
815 6534
814 6534
813 6534
812 6534
811 6534
810 6534
809 6534
808 6534
807 6534
806 6534
805 6534
804 6534
803 6534
802 6534
801 6534
800 6534
799 6534
798 6534
797 6534
796 6534
795 6534
794 6534
793 6534
792 6534
791 6534
790 6534
789 6534
788 6534
787 6534
786 6534
785 6534
784 6534
783 6534
782 6534
781 6534
780 6534
779 6534
778 6534
777 6534
776 6534
775 6534
774 6534
773 6534
772 6534
771 6534
770 6534
769 6534
768 6534
767 6534
766 6534
765 6534
764 6534
763 6534
762 6534
761 6534
760 6534
759 6534
758 6534
757 6534
756 6534
755 6534
754 6534
753 6534
752 6534
751 6534
750 6534
749 6534
748 6534
747 6534
746 6534
745 6534
744 6534
743 6534
742 6534
741 6534
740 6534
739 6534
738 6534
737 6534
736 6534
735 6534
734 6534
733 6534
732 6534
731 6534
730 6534
729 6534
728 6534
727 6534
726 6534
725 6534
724 6534
723 6534
722 6534
721 6534
720 6534
719 6534
718 6534
717 6534
716 6534
715 6534
714 6534
713 6534
712 6534
711 6534
710 6534
709 6534
708 6534
707 6534
706 6534
705 6534
704 6534
703 6534
702 6534
701 6534
700 6534
699 6534
698 6534
697 6534
696 6534
695 6534
694 6534
693 6534
692 6534
691 6534
690 6534
689 6534
688 6534
687 6534
686 6534
685 6534
684 6534
683 6534
682 6534
681 6534
680 6534
679 6534
678 6534
677 6534
676 6534
675 6534
674 6534
673 6534
672 6534
671 6534
